1 86.840833 24.624738
1 86.953156 24.624738
5 87.065479 24.624738
5 87.177802 24.624738
4 87.290125 24.624738
4 87.402448 24.624738
1 86.840833 24.517905
1 86.953156 24.517905
5 87.065479 24.517905
5 87.177802 24.517905
4 87.290125 24.517905
4 87.402448 24.517905
1 86.840833 24.411072
1 86.953156 24.411072
5 87.065479 24.411072
5 87.177802 24.411072
4 87.290125 24.411072
4 87.402448 24.411072
1 86.840833 24.304239
1 86.953156 24.304239
5 87.065479 24.304239
5 87.177802 24.304239
4 87.290125 24.304239
4 87.402448 24.304239
1 86.840833 24.197406
3 86.953156 24.197406
3 87.065479 24.197406
2 87.177802 24.197406
2 87.290125 24.197406
2 87.402448 24.197406
3 86.840833 24.090573
3 86.953156 24.090573
3 87.065479 24.090573
2 87.177802 24.090573
2 87.290125 24.090573
2 87.402448 24.090573
