86.840833 24.624738 6
86.903235 24.624738 6
86.965636 24.624738 6
87.028038 24.624738 6
87.09044 24.624738 6
87.152841 24.624738 2
87.215243 24.624738 2
87.277645 24.624738 4
87.340046 24.624738 5
87.402448 24.624738 5
86.840833 24.565386 6
86.903235 24.565386 6
86.965636 24.565386 6
87.028038 24.565386 6
87.09044 24.565386 6
87.152841 24.565386 2
87.215243 24.565386 2
87.277645 24.565386 4
87.340046 24.565386 5
87.402448 24.565386 5
86.840833 24.506035 6
86.903235 24.506035 6
86.965636 24.506035 6
87.028038 24.506035 6
87.09044 24.506035 2
87.152841 24.506035 2
87.215243 24.506035 4
87.277645 24.506035 4
87.340046 24.506035 5
87.402448 24.506035 5
86.840833 24.446683 1
86.903235 24.446683 1
86.965636 24.446683 1
87.028038 24.446683 1
87.09044 24.446683 1
87.152841 24.446683 4
87.215243 24.446683 4
87.277645 24.446683 4
87.340046 24.446683 5
87.402448 24.446683 5
86.840833 24.387331 1
86.903235 24.387331 1
86.965636 24.387331 1
87.028038 24.387331 1
87.09044 24.387331 1
87.152841 24.387331 4
87.215243 24.387331 3
87.277645 24.387331 3
87.340046 24.387331 3
87.402448 24.387331 5
86.840833 24.32798 1
86.903235 24.32798 1
86.965636 24.32798 1
87.028038 24.32798 1
87.09044 24.32798 4
87.152841 24.32798 4
87.215243 24.32798 3
87.277645 24.32798 3
87.340046 24.32798 3
87.402448 24.32798 3
86.840833 24.268628 1
86.903235 24.268628 1
86.965636 24.268628 1
87.028038 24.268628 4
87.09044 24.268628 4
87.152841 24.268628 3
87.215243 24.268628 3
87.277645 24.268628 3
87.340046 24.268628 3
87.402448 24.268628 3
86.840833 24.209276 1
86.903235 24.209276 1
86.965636 24.209276 1
87.028038 24.209276 4
87.09044 24.209276 4
87.152841 24.209276 3
87.215243 24.209276 3
87.277645 24.209276 3
87.340046 24.209276 3
87.402448 24.209276 3
86.840833 24.149925 1
86.903235 24.149925 1
86.965636 24.149925 1
87.028038 24.149925 4
87.09044 24.149925 4
87.152841 24.149925 4
87.215243 24.149925 3
87.277645 24.149925 3
87.340046 24.149925 3
87.402448 24.149925 4
86.840833 24.090573 1
86.903235 24.090573 1
86.965636 24.090573 1
87.028038 24.090573 4
87.09044 24.090573 4
87.152841 24.090573 4
87.215243 24.090573 4
87.277645 24.090573 4
87.340046 24.090573 4
87.402448 24.090573 4
