86.840833 24.624738 6
86.903235 24.624738 2
86.965636 24.624738 2
87.028038 24.624738 1
87.09044 24.624738 1
87.152841 24.624738 1
87.215243 24.624738 1
87.277645 24.624738 1
87.340046 24.624738 1
87.402448 24.624738 2
86.840833 24.565386 6
86.903235 24.565386 2
86.965636 24.565386 2
87.028038 24.565386 1
87.09044 24.565386 1
87.152841 24.565386 1
87.215243 24.565386 1
87.277645 24.565386 1
87.340046 24.565386 1
87.402448 24.565386 2
86.840833 24.506035 3
86.903235 24.506035 6
86.965636 24.506035 2
87.028038 24.506035 2
87.09044 24.506035 2
87.152841 24.506035 1
87.215243 24.506035 1
87.277645 24.506035 1
87.340046 24.506035 1
87.402448 24.506035 2
86.840833 24.446683 3
86.903235 24.446683 6
86.965636 24.446683 6
87.028038 24.446683 6
87.09044 24.446683 2
87.152841 24.446683 1
87.215243 24.446683 4
87.277645 24.446683 4
87.340046 24.446683 1
87.402448 24.446683 2
86.840833 24.387331 3
86.903235 24.387331 6
86.965636 24.387331 6
87.028038 24.387331 3
87.09044 24.387331 2
87.152841 24.387331 4
87.215243 24.387331 4
87.277645 24.387331 4
87.340046 24.387331 4
87.402448 24.387331 1
86.840833 24.32798 3
86.903235 24.32798 6
86.965636 24.32798 6
87.028038 24.32798 6
87.09044 24.32798 1
87.152841 24.32798 4
87.215243 24.32798 5
87.277645 24.32798 5
87.340046 24.32798 5
87.402448 24.32798 4
86.840833 24.268628 3
86.903235 24.268628 6
86.965636 24.268628 6
87.028038 24.268628 2
87.09044 24.268628 1
87.152841 24.268628 4
87.215243 24.268628 5
87.277645 24.268628 5
87.340046 24.268628 5
87.402448 24.268628 4
86.840833 24.209276 3
86.903235 24.209276 6
86.965636 24.209276 2
87.028038 24.209276 2
87.09044 24.209276 1
87.152841 24.209276 4
87.215243 24.209276 5
87.277645 24.209276 5
87.340046 24.209276 4
87.402448 24.209276 4
86.840833 24.149925 3
86.903235 24.149925 3
86.965636 24.149925 6
87.028038 24.149925 2
87.09044 24.149925 1
87.152841 24.149925 1
87.215243 24.149925 4
87.277645 24.149925 4
87.340046 24.149925 4
87.402448 24.149925 1
86.840833 24.090573 3
86.903235 24.090573 3
86.965636 24.090573 6
87.028038 24.090573 6
87.09044 24.090573 2
87.152841 24.090573 1
87.215243 24.090573 1
87.277645 24.090573 1
87.340046 24.090573 1
87.402448 24.090573 2
