0
0
0
0
0
0
0
0
0
0
0
0
0
0
0
0
0
0
0
0
0
0
0
0
0
0
0
0
0
0
0
0
0
0
0
0
0
0
0
0
0
0
0
0
0
0
0
0
0
0
0
0
0
0
0
0
0
0
0
0
0
0
0
0
0
0
0
0
0
0
0
0
0
0
0
0
0
0
0
0
0
0
0
0
0
0
0
0
0
0
0
0
0
0
0
0
0
0
0
0
0
0
0
0
0
0
0
0
0
0
0
0
0
0
0
0
0
0
0
0
0
0
0
0
0
0
0
0
0
0
0
0
0
0
0
0
11.6
0
0
0
0
0
0
0
0
0
0
0
0
5.2
0
0
0
51
5.8
109.6
1.2
0
20.6
12.2
6
45.6
33.6
20
19
0
3.4
3
1.2
0
0
0
0
0
0
0
0
7
0
0
4.4
0
0
12
24.4
26
0.2
0
0
0
0
0
10.2
0
0
0
5
2
0
13.2
3.8
35.2
22.2
6
0
0
0
3
0
0
0
0
0
18.2
45
0.8
21
3.8
0
0
0
18.2
45
1
1.6
0
0
60
12
0
18.8
0
18.5
8.6
37.6
0
0
3
9
17.6
3
0
5
4.4
14.2
5
37.8
9.6
1.2
4.6
14.6
4
0
0
19
45.8
7.2
0
0
1
3
0
0
41
0
0
10.8
1
0
3.4
0
0
0
0
0
0
44.8
0
0
0
0
0
32
0
0
3.4
0
0
0
0
0
0
0
0
0
0
0
0
0
0
0
0
1.4
0
0
0
0
0
0
0
0
0
0
0
0
0
0
0
0
0
0
0
0
0
0
0
0
0
0
0
0
0
0
0
0
0
0
0
0
0
0
0
0
0
0
0
0
0
0
0
0
0
0
0
0
2.4
0
36.6
20
4.4
0
0
0
0
6.6
0
0
0
0
0
0
0
0
0
0
0
0
0
0
0
0
0
0
0
0
0
0
0
0
0
0
0
0
0
0
1.4
0
0
0
0
0
0
5.4
0
0
0
0
0
0
0
0
0
0
0
0
0
0
0
0
0
0
0
0
0
0
0
0
0
0
0
0
0
0
0
0
0
0
0
0
0
0
0
0
0
0
0
0
0
0
0
0
0
0
0
0
0
0
0
0
0
0
0
0
0
0
0
0
0
0
0
0
0
0
0
0
0
0
0
0
0
0
0
0
0
0
8.8
13
22
40
0
0
0
0
0
0
0
0
0
0
3.4
0
0
0
0
0
0
3
0
0
0
3
0
0
0
8.4
0
20
0
0
0
17.6
0.8
9.8
0
20
0
0
0.8
0
0
0
0
30.2
66.4
0.4
25.4
2.6
0
19.2
4.6
12.2
94.8
8.4
0
0
0
0
0
0
0
0
0
0
20.4
1
0
50.4
0
0
0
8.4
26.4
1.4
0
0
0
0
9
7.8
24
13.2
2.8
0
1
0
0
5.4
0
1.6
1
0.4
28.4
11.4
0
0
0
8.4
8.4
56.2
0
0
0
3.8
1.8
0
0.8
29.6
17.6
1.6
3.8
44.8
4.4
0
0
11.4
18.2
51
54.6
5
26.4
3.8
0
1.8
2.8
0
5.4
1.8
1.4
0
50
11.4
30.2
23
0
30.8
0
0
0
2.2
0
18.6
25
12.8
26
6.6
14
32
8
1
1.8
0
0.4
0
0
0
0
0
0
0
0
0
0
10
0
0
1.8
0
5
0
0
0
0
0
0
0
0
0
0
0
0
0
0
0
0
0
0
0
0
0
0
0
0
0
0
0
0
0
0
0
0
0
0
0
0
0
0
0
0
0
0
0
0
0
0
0
0
0
0
0
0
0
0
0
0
0
0
0
0
0
0
0
0
0
0
0
0
0
0
0
0
0
0
0
0
0
0
0
0
0
0
0
0
0
0
0
38.9
0
0
0
0
0
7.2
0
0
0
0
0
0
0
0
0
9
15
0
0
0
0
0
0
0
0
0
0
0
0
0
0
0
0
0
0
0
7.5
0
0
0
0
0
0
0
0
0
0
0
0
0
0
0
0
0
0
0
0
0
0
0
0
0
0
0
0
0
0
0
0
0
0
0
0
0
0
11.5
5
0
0
0
0
0
0
0
0
0
0
0
0
0
7.2
13
0
0
0
0
0
0
0
0
0
0
0
0
0
0
0
0
0
0
0
0
0
0
0
0
0
0
0
9.4
0
7
0
0
0
0
0
0
0
0
0
0
0
0
0
0
0
0
10.6
13.2
31.6
0
12.6
0
0
14.4
2
6.2
2.6
6
9.8
3.2
3.6
2.6
1
6
4.8
9
2
0.8
0
0
0
0
0
0.2
0
7
10.6
1.2
0
5
34.4
0
2.4
0
0.8
0
3.4
7.8
0
0
0
4.4
5.4
8
9.4
0
0
0
15.8
1
1.4
38.2
6
7
0
0
4
3
3.2
0
0
0
0
0
4.2
4
3.4
0
50
18.8
11.4
0.8
2
0
0
0
2.4
24
13
18
3.6
14.2
2.2
0
0
3.8
0
0
0
3.4
0
0
0
0
28
3.4
1.4
0.6
45.4
17.2
0
1.6
2.2
6.4
2.6
0
0
0
0
0
0
0
0
0
0
0
0
4.5
6
0
0
19.5
11.2
0
0
0
0
0
0
0
0
0
0
0
0
0
0
0
0
0
0
0
0
0
0
0
0
0
0
0
0
0
0
0
0
0
0
0
0
0
0
0
0
0
0
0
0
0
0
0
0
0
0
0
0
0
0
0
0
0
0
0
0
0
0
0
0
0
0
0
0
0
0
0
0
0
0
0
0
0
0
0
0
0
0
0
0
0
0
0
0
0
0
0
0
0
0
0
0
0
0
0
0
0
0
0
0
0
0
0
0
0
0
0
0
0
0
0
0
0
0
0
0
0
0
0
0
0
0
0
0
0
0
0
0
0
0
0
0
0
0
0
0
0
0
0
0
0
0
0
0
0
0
0
0
0
0
0
0
0
0
0
0
0
0
0
0
0
0
0
0
0
0
0
0
0
0
0
0
0
0
0
0
0
0
0
0
0
0
0
0
0
0
0
0
0
0
0
0
0
0
0
0
0
0
0
0
0
0
0
0
0
0
0
0
0
0
0
0
0
0
4.5
9
5
0
0
0
3
0
0
0
0
0
0
0
0
0
0
0
0
0
0
0
0
37.2
1.8
0
0
0
5
0
0
0
0
0
17.8
2.2
3.3
0
0
11.2
11.2
5.4
16
31
0
0
0
1
9
1.8
0
11.8
0
1.4
3
3.2
58
0
0
0
0
3
7.4
7
8.2
8
3.2
3.4
7.4
25
10.2
4.4
5
0
2
10.6
0
56.6
11.6
0
0
2.6
12.4
1.2
0
1.4
6.4
15.8
3.2
6.6
8.2
1.2
0
19
1
5.6
0
0
0
0
5.6
0
0
0
0
0
0
0
0
0
2
22.4
40
1
18.2
9.6
2.4
0
0
0
15
0
0
45
0
31.4
26
9.4
0
0
32.2
0
0
0
26
88
12.4
1
0
0
0
0
0
1.6
0
0
0
0
0
0
0
0
0
0
6
0
0
0
0
0
0
0
0
0
0
0
0
0
0
6
0
0
0
0
0
0
0
0
2.6
85
0
0
0
0
0
0
0
0
0
0
0
0
0
0
0
0
0
0
0
0
0
0
0
0
0
0
0
0
0
0
0
0
0
0
0
0
0
0
0
0
0
0
0
0
0
0
0
0
0
0
0
0
0
0
0
0
0
0
0
0
0
0
0
0
0
0
0
0
0
0
0
0
0
0
0
0
0
0
0
0
0
0
0
0
0
0
0
0
0
0
0
0
0
0
0
0
0
0
0
0
0
0
0
0
0
0
0
0
0
0
0
0
0
0
0
0
0
0
0
0
0
0
0
0
0
0
0
0
0
0
0
0
0
0
0
0
0
0
0
0
0
0
0
0
0
0
0
0
0
0
0
0
0
0
0
0
0
0
0
0
0
0
0
0
0
0
0
0
0
0
0
0
0
0
0
0
0
0
0
0
0
0
0
0
0
0
0
0
0
0
0
0
0
0
0
0
0
0
0
0
0
0
0
0
0
22
0
10.4
0.4
25.2
0
0
0
0
0
0
0
0
0
0
0
0
0
19
11.4
0
0
0
0
0
12.5
10
0
0
0
0
0
19
15.6
27
0
0
3
22.5
0
0
0
0
0
0
0
0
0
4.6
7
0
0
0
4
0
0
0
0
10
10
0
7.8
10.5
2
18.6
16
214.6
22
3.6
0
0
0
0
8
7.6
14.2
12
4.6
6
16.8
0
18.4
0
0
0
0
5
0
0
3
0
0
0
7
16.6
0
0
0
0
0
0
0
0
0
5
0
0
0
0
0
0
0
2
0
0
0
0
0
0
0
0
1.4
8
0
0
0
0
0
0
0
0
0
0
0
16
0
0
0
0
0
0
0
2
0
0
0
4
0
0
0
0
0
0
0
0
0
0
0
0
0
0
0
0
0
0
0
0
0
0
0
0
0
0
0
0
0
0
0
0
0
0
0
0
0
0
0
0
0
0
0
0
0
0
0
0
0
0
0
0
0
0
0
0
0
0
0
0
0
0
0
0
0
0
0
0
0
0
0
0
0
0
0
0
0
0
0
0
0
0
0
0
0
0
0
0
0
0
0
0
0
0
0
0
0
0
0
0
0
0
0
0
0
0
0
0
0
0
0
0
0
0
0
0
0
0
0
0
0
0
0
0
0
0
0
0
0
0
0
0
0
0
0
0
0
0
0
0
0
0
0
0
0
0
0
0
0
0
0
0
0
0
0
0
0
1.2
0
0
0
0
0
0
3.4
4
1.6
9.4
0
1.2
1
0
0
0
0
0
0
0
0
0
0
0
0
0
1.8
0
13.8
0
0
0
0
0
0
3.2
0
0
0
0
0
11.4
0
7.4
0
0
0
0
0
4.6
18.4
0
0
0
0
0
22.4
0
0
0
0
0
25.4
0
0
0
0
11.2
0
0
0
0
0
0
0
0
0
0
0
0
2.6
0
0
0
2
29.2
0
0
7.6
14.3
18
2
0
4.6
18
2
3.6
12
21.2
14
42
7
0
0
0
0
0
2
21.6
38.2
7
16
6
0
2.4
37.6
0
0
5.6
8
0
0
6
2
6.8
3.2
4.6
2.3
10
3.2
8.2
4
2.6
5
17.6
0
0
0
0
13.2
10
0
0
0
0
0
2
7.6
12
0
0
0
0
10
4.2
12
2.8
10.2
8
0
0
8.6
9
7
11
4
0
0
2
0
3.6
0
0
0
4
7.8
0
0
0
0
3
0
0
0
15.6
0
0
0
20
0
0
0
26.4
0
0
0
14
0
0
0
0
0
0
17.4
0
0
0
0
0
0
0
0
0
0
0
0
0
0
0
0
0
0
0
0
0
0
0
0
0
0
0
0
0
0
0
0
0
0
0
0
0
0
0
0
0
0
0
0
0
0
0
0
0
0
0
0
0
0
0
0
0
0
0
0
0
0
0
0
0
0
0
0
0
0
0
0
0
0
0
0
0
0
0
0
0
0
0
0
0
0
0
0
0
0
0
0
0
0
0
0
0
0
0
0
0
0
0
0
0
0
0
0
0
0
0
0
0
0
0
0
0
0
0
0
0
0
0
0
0
0
0
0
0
0
0
0
0
0
0
0
0
0
0
0
0
0
0
0
0
0
0
0
0
0
0
0
0
0
0
0
0
0
0
0
0
0
0
0
0
0
0
0
0
0
0
0
0
0
0
0
0
0
0
0
0
0
0
0
0
0
0
0
0
0
0
0
0
0
0
0
0
0
0
0
0
0
0
0
0
0
0
0
0
0
0
0
0
0
0
0
0
0
0
6.4
0
0
0
0
0
0
0
0
0
0
0
0
8
6.8
18.6
0
0
0
0
7
24.4
0
0
0
3
5.6
8
7.4
4.2
0
8.4
4
29.6
3
8
13
14.8
15.8
14.4
14
36
31.4
86.8
6.2
17.2
6
1
0
0
0
7
0
0
0
0
0
0
0
0
0
17.6
7
5
68.4
3
17
0
1.2
1.2
0
27
3
2
7
3
20
3
0
8
0
0
0
5.6
0
11.6
0
0
0
0
1.6
0
20.8
14.4
1.8
0
0
11
0
0
0
0
0
0
0
0
0
0
0
0
0
0
0
0
0
0
0
0
0
0
0
0
3.6
8
5.2
0
0
0
0
0
0
0
0
3
0
0
0
0
0
7.6
3.2
48
0
87.4
13
8.2
0
0
0
0
0
0
4.6
0
0
0
0
0
0
0
0
0
0
0
0
0
0
0
0
0
0
0
0
0
0
0
0
0
0
0
0
0
0
0
0
0
0
0
0
0
0
0
0
0
0
0
0
0
0
0
0
0
0
0
0
0
0
0
0
0
0
0
0
0
0
0
0
0
0
0
0
0
0
0
0
0
0
0
0
0
0
0
0
0
0
0
0
0
0
0
0
0
0
0
0
0
0
0
0
0
0
0
0
0
0
0
0
0
0
0
0
0
0
0
0
0
0
0
0
0
0
0
0
0
0
0
0
0
0
0
0
0
0
0
0
0
0
0
0
0
0
0
0
0
0
0
0
0
0
0
0
0
0
0
0
0
0
0
0
0
0
0
0
0
0
0
0
0
0
0
0
0
0
0
0
0
0
0
0
0
0
0
0
0
0
0
0
0
0
0
0
0
0
0
0
0
0
0
0
0
0
0
0
0
0
0
0
0
0
0
0
0
0
0
0
0
0
0
8.2
0
0
0
0
0
9.2
26.8
8.4
7.2
0
49.6
0
0
11.6
0
7.2
0
20.6
0
0.2
4.8
7.2
97.4
38.4
0
0
10.2
17.4
3.6
0
0
61.4
1.2
0.2
17.2
3
8.4
25.6
16.8
18.6
55.6
27.8
0
10.2
14.8
38.6
4.4
18.6
16.8
0.4
2.4
0
0
37.2
63.6
50.2
28.6
0
0
0.4
0
0
0
38.6
18.2
7.6
1
0
30.2
25.6
24.4
34.2
30.4
0
0
0
0
0
98.8
25.6
4.8
20.2
30
1.8
0
4.2
28
27.8
1.4
2.4
1.6
1.8
0
0
0
0
15.8
0
2
8.2
76.2
27.4
9.2
23.6
0
0
0
0
0
0.8
28.4
69.2
298.6
8.6
0.8
17.8
0
0
0
0.8
0.8
0
5.2
17.8
1.6
8.4
0
0
0
0
0
0
11.6
0
6.4
54.8
75.4
0.4
0
0
0
0
0
0
0
0
2
0
0
0
0
0
0
0
0
0
0
0
0
0
0
0
0
0
0
0
0
0
0
0
0
0
0
0
0
0
0
0
0
0
0
0
0
0
0
0
0
0
0
0
0
0
0
0
0
0
0
0
0
0
0
0
0
0
0
0
0
0
0
0
0
0
0
0
0
0
0
0
0
0
0
0
0
0
0
0
0
0
0
0
0
0
0
0
0
0
0
0
0
0
0
0
0
0
0
0
0
0
0
0
0
0
0
0
0
0
0
0
0
0
0
0
0
0
0
0
0
0
0
0
0
0
0
0
0
0
0
0
0
0
0
0
0
0
0
0
0
0
0
0
0
0
0
0
0
0
0
0
0
0
0
0
0
0
0
0
0
0
0
0
0
0
0
0
0
0
0
0
0
0
0
0
0
0
0
0
0
0
0
0
0
0
0
0
0
0
0
0
0
0
0
0
0
0
0
0
0
0
0
0
0
0
0
0
0
0
0
0
0
0
0
0
