0
0
0
0
0
0
0
0
0
0
0
0
0
0
0
0
0
0
0
0
0
0
0
0
0
0
0
0
0
0
0
0
0
0
0
0
0
0
0
0
0
0
0
0
0
0
0
0
0
0
0
0
0
0
0
0
0
0
0
0
0
0
0
0
0
0
0
0
0
0
0
0
0
0
0
0
0
0
0
0
0
0
0
0
0
0
0
0
0
0
0
0
0
0
0
0
0
0
0
0
0
0
0
0
0
0
0
0
0
0
0
0
0
0
0
0
0
0
0
0
0
0
0
0
0
0
0
0
0
0
0
0
0
0
0
0
0
0
0
0
0
0
0
0
0
0
0
0
0
0
0
0
0
24.1
0
81.2
11.4
0
20.3
12.7
0
15.2
33
20.3
20.3
12.7
0
25.4
12.7
6.3
0
0
0
0
0
0
0
18.7
0
0
6.3
8.8
16.5
12.7
25.4
0
0
0
0
0
0
0
0
3.8
0
0
0
12.7
0
16.5
7.6
22.8
20.3
5
0
0
0
0
0
0
0
0
29.2
14.7
0
0
5
1.7
2.3
0
25.4
17.1
18.5
5.8
12.7
0
12.7
8.8
0
23.3
0
11.4
6.3
36.6
0
12.7
5.8
13.9
0
0
0
0
45.7
0
0
0
0
0
0
0
0
0
0
0
0
0
0
0
0
0
0
0
0
0
0
0
0
11.4
0
0
0
0
0
0
0
0
40.6
0
0
0
0
0
0
0
0
0
0
0
0
0
0
0
0
0
0
0
0
0
0
0
0
0
0
0
0
0
0
0
0
0
0
0
0
0
0
0
0
0
0
0
0
0
0
0
0
0
0
0
0
0
0
0
0
0
0
0
0
0
0
0
0
0
0
0
0
0
0
0
0
0
0
0
0
0
0
0
0
0
0
0
0
0
0
0
0
0
0
0
0
0
0
0
0
0
0
0
0
0
0
0
0
0
0
0
0
0
0
0
0
0
0
0
0
0
0
0
0
0
0
0
0
0
0
0
0
0
0
0
0
0
0
0
0
0
0
0
0
0
0
0
0
0
0
0
0
0
0
0
0
0
0
0
0
0
0
0
0
0
0
0
0
0
0
0
0
0
0
0
0
0
0
0
0
0
0
0
0
0
0
0
0
0
0
0
0
0
0
0
0
0
0
0
0
0
0
0
0
0
0
0
0
0
0
0
0
0
0
0
0
0
0
0
0
0
0
0
0
0
0
0
0
0
0
0
0
0
0
0
0
0
0
0
0
0
0
0
0
0
8.8
6.3
0
0
0
6.3
0
0
0
0
8.8
0
0
19
11.4
6.3
10.1
6.3
12.7
12.7
19
11.4
50.8
25.4
0
0
0
0
0
0
0
0
0
0
0
12.7
12.7
31.7
6.3
0
0
0
36.7
5
0
0
0
0
6.35
19.05
11.43
33.02
5
2.7
0
0
0
0
0
1.2
2.5
0
38.1
25.4
6.3
0
0
0
0
28
58.8
19
4.5
2.5
1.2
0
0
1.2
29.2
5
0
11.4
101.6
5
0
38.1
38.1
7.62
44.4
44.4
25.4
49.5
0
25.4
6.3
0
7.6
2.5
2.5
0
0
0
19
48
32.05
7.6
1.2
0
1.2
29.2
5
0
11.4
101
5
50
40
16.6
20
4
0
0
0
8
0
0
0
0
0
0
0
0
0
0
0
0
0
0
0
0
0
0
0
0
0
0
0
0
0
0
0
0
0
0
0
0
0
0
0
0
0
0
0
0
0
0
0
0
0
0
0
0
0
0
0
0
0
0
0
0
0
0
0
0
0
0
0
0
0
0
0
0
0
0
0
0
0
0
0
0
0
0
0
0
0
0
0
0
0
0
0
0
0
0
0
0
0
0
0
0
0
0
0
0
0
0
0
1.5
0
0
0
0
0
0
0
0
0
0
0
0
0
0
0
0
0
0
0
0
0
0
0
0
0
0
0
0
0
0
0
0
0
0
0
0
0
0
0
0
0
0
0
0
0
0
0
0
0
0
0
0
0
0
0
0
0
0
0
0
0
0
0
0
0
0
0
0
0
0
0
0
0
0
0
0
0
0
0
0
0
0
0
0
0
0
0
0
0
0
0
0
0
0
0
0
0
0
0
0
0
0
0
0
0
0
0
0
0
0
0
0
0
0
0
0
0
0
0
0
0
0
0
0
0
0
0
0
0
0
0
0
0
0
0
0
0
17.5
0
63.3
0
0
0
0
5
3.5
37.5
46
32.2
0
11.4
21.7
10.6
0
0
16.5
0
7
11.4
0
0
9.1
16.8
0
0
10.1
10.1
45.7
10.6
0
0
17.7
5
0
0
0
0
0
10.1
8
0
0
7.6
12.7
20.7
49.5
2
0
0
0
6.3
12.7
12.7
0
0
0
0
0
22.7
17.6
0
0
5
19
5
25.4
25
25.4
0
11.4
50.8
58.4
0
12.7
0
6.6
6.3
0
7.6
19
0
12.7
10.1
21.5
0
0
2.1
0
0
20.5
2.5
12.7
0
0
0
0
38.1
6.3
6.3
19
11.4
50.8
0
2.6
6.4
4.8
33.6
0
0
0
0
0
0
0
0
0
0
0
45
9
0
0
0
30
21
84
30
0
0
0
0
0
0
0
0
0
0
0
0
0
0
0
0
0
0
0
0
109
0
0
0
0
0
0
0
0
0
0
0
0
0
0
0
0
0
0
0
0
0
0
0
0
0
0
0
0
0
0
0
0
0
0
0
0
0
0
0
0
0
0
0
0
0
0
0
0
0
0
0
0
0
0
0
0
0
0
0
0
0
0
0
0
0
0
0
0
0
0
0
0
0
0
0
0
0
0
0
0
0
0
0
0
0
0
0
0
0
0
0
0
0
0
0
0
0
0
0
0
0
0
0
0
0
0
0
0
0
0
0
0
0
0
0
0
0
0
0
0
0
0
0
0
0
0
0
0
0
1.5
0
0
0
0
0
0
0
0
0
0
0
0
0
0
0
0
3
0
1
0
0
0
0
0
0
0
0
0
0
0
0
0
0
0
0
0
0
0
0
0
0
0
0
0
0
0
0
0
0
0
0
0
0
0
0
0
0
0
0
0
0
0
0
0
0
0
0
0
0
0
0
0
0
0
0
0
0
0
0
0
0
0
0
0
15.2
0
0
0
76.2
0
0
0
0
14.5
0
0
0
12.7
1.6
0
0
4.7
10
12.7
4.6
5
17
4.7
5.5
0
0
0
0
5
2.5
3.1
12.7
0
0
8
1.5
23.3
0
0
0
2.5
31.6
0
7.6
5
5.8
17.7
5
2.5
70.3
10.7
7.6
0
2.5
0
2.5
2.9
15.2
5
0
5
7
10.1
1.7
0
17.4
5
0
5
12.7
4.3
0
0
0
0
5
1.7
0
0
0
40.6
0
0
0
0
0
0
0
0
0
0
30.4
15.2
8.8
8.5
3
0
0
0
0
3.8
0
0
0
0
21
3.8
12
0
0
6.1
10
0
0
21.2
182.2
8.2
0
0
0
0
0
0
0
0
30
20
84
30
0
0
0
0
0
0
0
0
0
0
0
0
0
0
0
0
0
0
0
0
0
0
0
0
0
0
0
0
0
0
0
0
0
0
0
0
0
0
0
0
0
0
0
0
0
0
0
0
0
0
0
0
0
0
0
0
0
0
0
0
0
0
0
0
0
0
0
0
0
0
0
0
0
0
0
0
0
0
0
0
0
0
0
0
0
0
0
0
0
0
0
0
0
0
0
0
0
0
0
0
0
0
0
0
0
0
0
0
0
0
0
0
0
0
0
0
0
0
0
0
0
0
0
1.2
0
0
0
0
0
0
0
0
0
0
0
0
0
2.8
5
4.1
0
0
0
0
0
0
0
0
0
0
0
0
0
0
0
0
0
0
0
0
0
0
0
0
0
0
0
0
0
0
0
0
0
0
0
0
0
0
0
0
0
0
0
0
0
0
0
0
0
0
0
0
0
0
0
0
0
0
0
0
0
0
0
0
0
0
0
0
0
0
0
0
4.8
0
0
0
0
0
4
0
0
0
12
0
0
0
0
0
0
0
0
0
0
0
0
0
0
0
35
1.3
36
6
0
0
0
0
0
0
0
0
0
0
0
9.5
36
44
36
24
0
0
2
25
27
2
0
0
0
0
36.2
7.5
65
5
0
36
21.2
24.4
0
19
7.5
0
0
0
0
0
0
3.7
10
6.2
6.3
11
7.5
0
0
0
0
2.5
5
33.7
9.5
10
0
45
65
23.7
0
0
0
2.5
0
8.7
0
2.1
15
0
11
15
0
42
0
0
0
0
8
0
0
1
0
15
31.2
1.2
20
3.2
0
6
0
5
0
0
0
0
0
0
0
0
0
0
0
0
0
0
0
0
0
5
0
35
0
0
0
0
0
0
0
0
0
0
0
0
0
0
0
0
0
0
0
0
0
0
0
0
0
0
0
0
0
0
0
0
0
0
0
0
0
0
0
0
0
0
0
0
0
0
0
0
0
0
0
0
0
0
0
0
0
0
0
0
0
0
0
0
0
0
0
0
0
0
0
0
0
0
0
0
0
0
0
0
0
0
0
0
0
0
0
0
0
0
0
0
0
0
0
0
0
0
0
0
0
0
0
0
0
0
0
0
0
0
0
0
0
0
0
0
0
0
0
0
0
0
0
0
0
0
0
0
0
0
0
0
0
0
0
0
0
0
0
0
0
0
0
0
0
0
0
0
0
0
0
0
0
0
0
0
0
0
0
0
0
0
0
0
0
0
0
0
0
0
0
0
0
0
0
0
0
0
0
0
0
0
0
0
0
0
0
0
0
0
0
0
0
0
0
0
0
0
0
0
0
0
0
0
0
0
0
0
0
0
0
0
1
0
0
0
0
0
0
0
0
0
0
0
1.1
0
0
0
0
0
0
0
0
0
0
0
1.2
0
1.2
1.3
1.2
1.2
0
0
0
1.2
0.1
2.2
0
0
0
0
4.5
29
0
0
0
0
8
0
13.7
7.5
0
2.7
0
0
0
17.5
7.5
7.5
32.5
37.5
3.7
22.5
0
15
16
0
0
17.5
6.2
3.7
4.5
35
32.5
122.5
7.5
0
22.5
10
2.5
0
0
27
25.5
0
0
15
0
5
40
0
16.3
6
8.7
0
0
30
4.2
7.5
0
0
0
2.5
0
12.5
11.5
16.2
11.2
0
57.5
0
0
0
5
0
0
2
0
0
28
9.5
27.5
11.5
10
12.5
7.5
0
0
0
12.5
0
10
7.5
0
3.5
15
2.5
7.5
7.5
10
7.5
5
0
5
0
0
0
0
2.5
12.5
0
0
0
0
7.5
0
2.5
0
5
0
0
0
0
0
0
0
2.5
0
0
0
10
0
0
0
0
0
0
7.5
0
0
0
0
0
0
0
0
0
0
0
0
0
0
0
12.4
0
0
0
0
0
0
0
0
0
0
3.7
0
0
0
0
0
5
0
0
0
0
0
0
0
0
0
0
0
0
0
0
0
0
0
0
0
0
0
0
0
0
0
0
0
0
0
0
0
0
0
0
0
0
0
0
0
0
0
0
0
0
0
0
0
0
0
0
0
0
0
0
0
0
0
0
0
0
0
0
0
0
0
0
0
0
0
0
0
0
0
0
0
0
0
0
0
0
0
0
0
0
0
0
0
0
0
0
0
0
0
0
0
0
0
0
0
0
0
0
0
0
0
0
0
0
0
0
0
0
0
0
0
0
0
0
0
0
0
0
0
0
0
0
0
0
0
0
0
0
0
0
0
0
0
0
0
0
0
0
0
0
0
0
0
0
0
0
0
0
0
0
0
0
0
0
0
0
0
0
0
0
0
0
0
0
0
0
0
0
0
0
0
0
0
0
0
0
0
0
0
0
0
0
0
0
0
0
0
0.6
0
0.5
0
0
0
0
0
0.5
0
0
0
0
7.5
4.5
0
0
0
3.5
7.5
0
0
7.5
0
2.5
7.5
0
12
28.5
8.5
3.5
3.7
70.7
7
12.5
0
23.5
14.5
97
9
0
25.5
7
8
5.2
0
2.5
0
3.8
0
0
0
0
0
0
7
2.5
0
2
5
1.5
15.5
1.2
15
0
7
0
0
2
11
7
0
15
2.5
1.2
0
7.5
3.7
0
0
0
0
0
0
0
0
0
0
12.5
8
5
0
6.5
18.5
0
7.5
87.5
30.5
90.5
1.5
0
0
0
0
15.5
0
2
0
0
0
0
0
0
0
0
0
3
0
12.5
0
0
0
0
0
0
0
0
0
0
0
0
0
0
0
22
0
60
0
31
0
0
0
0
0
0
0
0
9.8
0
0
0
0
0
0
0
0
0
0
0
0
0
0
0
0
0
0
0
0
0
0
0
0
0
0
0
0
0
0
0
0
0
0
0
0
0
0
0
0
0
0
0
0
0
0
0
0
0
0
0
0
0
0
0
0
0
0
0
0
0
0
0
0
0
0
0
0
0
0
0
0
0
0
0
0
0
0
0
0
0
0
0
0
0
0
0
0
0
0
0
0
0
0
0
0
0
0
0
0
0
0
0
0
0
0
0
0
0
0
0
0
0
0
0
0
0
0
0
0
0
0
0
0
0
0
0
0
0
0
0
0
0
0
0
0
0
0
0
0
0
0
0
0
0
0
0
0
0
0
0
0
0
0
0
0
0
0
0
0
0
0
0
0
0
0
0
0
0
0
0
0
0
0
0
0
0
0
0
0
0
0
0
0
0
0
0
0
0
25
0
2.5
0
0
0
0
0
0
0
0
0
0
0
0
0
0
0
0
12.5
0
0
0
0
0
0
0
0
0
0
0
12.5
18
0
22
25.2
27.5
18
0
0
0
0
0
0
0
2
23
3.5
0
32.5
31.5
26.2
0
0
5
2.5
0
0
7.5
0
0
10
2.5
37
2.5
17.5
0
0
36.2
20.2
17.5
16
2.5
27.5
25
60
3.7
0
0
25
0
0
0
0
0
0
0
0
0
0
42.5
15
0
0
22.5
20
37.5
53
62.5
2.5
0
0
0
0
0
22.5
32.5
2.5
17.5
52.5
7.5
0
13.5
17.5
22.5
10.5
5
3.5
0
1.5
0
0
0
10
0
0
0
72.5
13.7
14.5
20
0
0
0
0
0
0
15
55
275
2.5
1.3
12.5
0
0
0
0
0
0
0
7.5
2.5
20
0
0
0
0
0
0
0
0
0
25
72.5
0
0
0
0
0
0
0
0
0
0
0
0
0
0
0
0
0
0
0
0
0
0
0
0
0
0
0
0
0
0
0
0
0
0
0
0
0
0
0
0
0
0
0
0
0
0
0
0
0
0
0
0
0
0
0
0
0
0
0
0
0
0
0
0
0
0
0
0
0
0
0
0
0
0
0
0
0
0
0
0
0
0
0
0
0
0
0
0
0
0
0
0
0
0
0
0
0
0
0
0
0
0
0
0
0
0
0
0
0
0
0
0
0
0
0
0
0
0
0
0
0
0
0
0
0
0
0
0
0
0
0
0
0
0
0
0
0
0
0
0
0
0
0
0
0
0
0
0
0
0
0
0
0
0
0
0
0
0
0
0
0
0
0
0
0
0
0
0
0
0
0
0
0
0
0
0
0
0
0
0
0
0
0
0
0
0
0
0
0
0
0
0
0
0
0
0
0
0
0
0
0
57
0
0
0
0
0
0
0
4
0
13
0
19
0
60
2
0
0
0
8
0
0
0
0
