0
0
0
0
0
0
0
0
0
0
0
0
0
0
0
0
0
0
0
0
0
0
0
0
0
0
0
0
0
0
0
0
0
0
0
0
0
0
0
0
0
0
0
0
0
0
0
0
0
0
0
0
0
0
0
0
0
0
0
0
0
0
0
0
0
0
0
0
0
0
0
0
0
0
0
0
0
0
0
0
0
0
0
0
0
0
0
0
0
0
0
0
0
0
0
0
0
0
0
0
0
0
0
0
0
0
0
0
0
0
0
0
0
0
0
0
0
0
0
0
0
0
0
0
0
0
0
0
0
0
0
0
0
0
0
0
0
0
0
0
0
0
0
0
0
0
0
0
0
0
0
0
0
16
0
68.6
7.4
0
1.2
8.2
3.4
0
3.2
21.2
25
0
10
12
17
0
0
0
0
0
0
0
0
0
0
5.2
30
4
4.4
7
6
0
0
3.6
0
0
0
0
0
0
0
12.4
24.6
10.8
0
2.6
10
27
19
7
0
0
0
0
0
0
0
0
11
33
13
0
0
0
2
3.2
7.4
10
6
3.4
2
0
4.4
45.6
0
0
5
7
4
5.2
69.4
40
38
13
8
0
0
0
5
8
27.6
15
19.2
80
13
30
2.2
0
13.2
3.2
6.4
16.2
62.4
0
0
12.6
0
7.2
8
0
0
0
0
0
0
0
0
0
0
0
0
0
35.8
0
0
0
0
0
0
0
0
0
0
0
0
0
0
0
0
0
0
0
0
0
0
0
0
0
0
0
0
0
0
0
0
0
0
0
0
0
0
0
0
0
0
0
0
0
0
0
0
0
0
0
0
0
0
0
0
0
0
0
0
0
0
0
0
0
0
0
0
0
0
0
0
0
0
0
0
0
0
0
0
0
0
0
0
0
0
0
0
0
0
0
0
0
0
0
0
0
0
0
0
0
0
0
0
0
0
0
0
0
0
0
0
0
0
0
0
0
0
0
0
0
0
0
0
0
0
0
0
0
0
0
0
0
0
0
0
0
0
0
0
0
0
0
0
0
0
0
0
0
0
0
0
0
0
0
0
0
0
0
0
0
0
0
0
0
0
0
0
0
0
0
0
0
0
0
0
0
0
0
0
0
0
0
0
0
0
0
0
0
0
0
0
0
0
0
0
0
0
0
0
0
0
0
0
0
0
0
0
12.3
0
11.2
26.2
0
0
0
0
0
0
0
0
0
0
0
0
0
0
0
0
0
23
0
0
13.3
7.2
0
0
0
0
0
0
0
8.8
6.3
0
0
0
6.3
0
0
0
0
8.8
0
0
19
11.4
6.3
10.1
6.3
12.7
13.7
19
11.4
50.8
25.4
0
0
0
0
0
0
0
0
0
0
0
12.7
12.7
31.7
6.3
0
0
0
36.7
5
0
0
0
0
6.3
19
11.4
33
5
2.7
0
0
0
0
0
1.2
2.5
0
38.1
25.4
6.3
0
0
12.7
0
28
50.8
19
4.5
2.5
1.2
0
0
1.2
29.2
5
0
11.4
101.6
5
0
38.1
37.2
61.4
32.6
19.6
39.4
44.2
13.4
0
11.2
7.4
6.8
5.2
7.8
3
0
0
27.4
38.2
21.4
3.2
0
0
0
0
0
0
0
0
17.2
9.2
25.6
7.6
20
4
2.4
1
0
1.6
0
0
0
1
0
0
0
0
0
16.2
2
0
1.6
0
0
0
0
0
1
0
0
0
0
0
0
0
0
0
0
0
0
0
0
0
0
0
0
0
0
0
0
0
0
0
0
0
0
0
0
0
0
0
0
0
0
0
0
0
0
0
0
0
0
0
0
0
0
0
0
0
0
0
0
0
0
0
0
0
0
0
0
0
0
0
0
0
0
0
0
0
0
0
0
0
0
0
0
0
0
0
0
0
0
1.5
0
0
0
0
0
0
0
0
0
0
0
0
0
0
0
9.2
15.4
0
0
0
0
0
0
0
0
0
0
0
0
0
0
0
0
0
0
0
8.2
0
0
0
0
0
0
0
0
0
0
0
0
0
0
0
0
0
0
0
0
0
0
0
0
0
0
0
0
0
0
0
0
0
0
0
0
0
0
10.8
1.4
0
0
0
0
0
0
0
0
0
0
0
0
0
0
0
0
0
0
0
0
0
14.8
0
0
0
0
0
0
0
0
0
0
0
0
0
0
0
0
0
0
0
6.3
0
0
0
0
0
0
0
0
0
6.6
0
0
0
0
0
0
0
0
0
0
4
0
0
0
0
0
0
0
0
0
0
0
55
0
0
10
0
0
18
25
0
0
0
18
0
0
0
0
10.2
12.4
13
0
40
0
8
0
0
0
0
5
0
0
0
10
0
0
6
18
30
0
10
3
0
5
0
22
10
0
0
10
8
7
0
6
0
10
5
0
50
0
0
20
18
15
5
5
0
0
7
0
0
32
15
0
0
0
0
0
0
0
0
20
5
0
0
0
0
38.1
20.2
23.2
19.6
6.4
19.6
3.2
0
0
9.2
5
0
0
0
0
0
0
0
0
0
0
0
0
0
8.6
0
0
30.4
13.4
31.2
21.4
0
0
0
0
0
0
0
0
0
0
0
0
0
0
0
0
0
0
0
0
105
0
0
0
0
0
0
0
0
0
0
0
0
0
0
0
0
0
0
0
0
0
0
0
0
0
0
0
0
0
0
0
0
0
0
0
0
0
0
0
0
0
0
0
0
0
0
0
0
0
0
0
0
0
0
0
0
0
0
0
0
0
0
0
0
0
0
0
0
0
0
0
0
0
0
0
0
0
0
0
0
0
0
0
0
0
0
0
0
0
0
0
0
0
0
0
0
0
0
0
0
0
0
0
0
0
0
0
0
0
0
0
0
0
0
0
0
0
0
0
0
0
0
0
0
0
0
0
0
0
0
0
0
0
0
0
0
0
0
0
0
0
0
0
0
0
0
0
0
0
0
0
0
0
0
0
0
0
0
0
0
0
0
0
0
0
0
0
0
0
0
0
0
0
0
0
0
0
0
0
0
0
0
0
0
0
0
0
0
0
0
0
0
0
0
0
0
0
0
0
0
0
0
0
0
0
0
0
0
0
0
0
0
0
0
0
0
0
0
0
0
0
0
0
0
0
0
0
0
0
0
0
9.4
19.6
5.4
6.2
22.4
23.2
19.4
3.4
0
0
0
0
0.4
6.1
0.4
2.2
0
4.2
0.4
6.8
22.4
0
2
1.8
3.4
4.6
0
1.6
3.4
16.2
13
7.4
5.2
20.3
10.7
7.6
0
2.8
0
2.5
0
19.2
39
0
19.2
3.6
1.8
2.4
0
18.2
21.4
5
0
44
2.2
0
0
26.2
7.4
11.2
4.4
3
1
19.2
7.4
0
0
0
0
0
0
0
0
0
0
19.2
37.4
21.2
13
0
0
0
10
5.8
0
0
0
0
0
21.2
51.2
28.4
0
0
16.2
0
0
21.2
32.4
130.2
0.2
0
0
0
0
0
0
0
2
12.4
0
0
0
0
11.4
0
0
0
0
0
0
0
0
0
0
0
0
0
0
0
0
0
0
0
0
0
0
0
0
0
5.4
15.2
19.6
0
0
0
0
0
0
0
0
0
0
0
0
0
0
0
0
0
0
0
0
0
0
0
0
0
0
0
0
0
0
0
0
0
0
0
0
0
0
0
0
0
0
0
0
0
0
0
0
0
0
0
0
0
0
0
0
0
0
0
0
0
0
0
0
0
0
0
0
0
0
0
0
0
0
0
0
0
0
0
0
0
0
0
0
0
0
0
0
0
0
0
0
0
0
0
0
0
0
0
0
0
0
0
0
0
0
0
0
0
0
0
0
0
0
0
0
0
0
0
0
0
0
0
0
0
0
0
0
0
0
0
0
0
0
0
0
0
0
0
0
0
0
0
0
0
0
0
0
0
0
0
0
0
0
0
0
0
0
0
0
0
0
0
0
0
0
0
0
0
0
0
0
0
0
22.2
0
0
0
0
0
0
0
0
0
0
0
0
0
0
0
0
0
0
0
0
0
0
0
0
0
0
0
0
18
0
9.2
0
0
10
0
0
6
0
0
0
0
0
0
0
0
0
0
0
15.4
5.4
36.4
13.2
6.8
0
0
48.8
22.8
12
7.8
0
0
0
0
26.2
15.4
62.2
18.8
0
33.4
48.2
21.2
11.2
21.2
0
0
0
0
0
0
0
0
0
0
0
1
0
0
0
0
0
4.6
17.2
32.4
6.2
2.4
0.6
32.2
65
76.2
0
0
0
0
0
2
2.6
6.6
9.2
7.2
15.5
10.5
3.2
51.2
15.6
0
0
0
11.2
0
13.6
0
11.2
0
15.8
12
15.6
0
0
2.2
0
0
0
0
0
0
0
0
0
0
0
0
9.2
13.4
0
0
0
0
4.2
8.6
0
0
3.2
2
0
0
0
0
0
0
0
0
0
0
0
0
0
0
0
0
0
0
0
0
0
0
0
0
0
0
0
0
0
0
0
0
0
0
0
0
0
0
0
0
0
0
0
0
0
0
0
0
0
0
0
0
0
0
0
0
0
0
0
0
0
0
0
0
0
0
0
0
0
0
0
0
0
0
0
0
0
0
0
0
0
0
0
0
0
0
0
0
0
0
0
0
0
0
0
0
0
0
0
0
0
0
0
0
0
0
0
0
0
9.6
0
0
0
0
0
0
0
0
0
0
0
0
0
0
0
0
0
0
0
0
0
0
0
0
0
0
0
0
0
0
0
0
0
0
0
0
0
0
0
0
0
0
0
0
0
0
0
0
0
0
0
0
0
0
0
0
0
0
0
0
0
0
0
0
0
0
0
0
0
0
0
0
0
0
0
0
0
0
0
0
0
22.04
0
14.02
0
0
0
1.02
0
0
0
0
9.04
0
0
12.04
0
0
15.04
0
0
0
0
0
0
0
0
24.2
2.2
0
0
0
0
0
12.2
0
21
0
0
0
0
0
0
18.2
0
1.6
0
0
7.2
22.2
0
0
0
0
0
6.2
0
0
0
0
0
16.2
0
0
0
0
11.5
0
0
21.2
0
20
0
0
0
28
8
6
33
51
0
20.6
7.4
3.4
4.6
0
1.2
0
31.2
5.2
42.4
11.4
35.2
38.2
1.4
0
26.8
0
0
0
0
14.2
48.2
22.4
9.2
0
20.2
4
26.2
0
3.4
24.2
8.2
25.4
9.2
11.2
3.2
5.4
3.2
0
0
5.4
10.2
21.2
19.4
30.2
15.4
20.6
17.2
0
0
0
0
14.2
0
0
0
0
0
10.2
25.2
6.2
30.2
52.4
2.2
0
0
0
18.8
20.4
9.2
3.2
0
7.2
8.2
0
3.4
11.2
2.4
0
1.6
0
0
0
0
44.4
0
0
33.2
14.2
3.2
0
0
0
0
18
0
3.4
0
0
0
0
6.4
4.2
0
0
0
0
9.2
0
0
0
0
0
0
0
0
0
0
0
0
0
0
26.4
0
0
0
0
0
0
0
0
0
33.2
0
0
3.2
0
0
0
0
0
0
3.2
0
0
0
0
0
0
0
0
0
0
0
0
0
0
0
0
0
0
0
0
0
0
0
0
0
0
0
0
0
0
0
0
0
0
0
0
0
0
0
0
0
0
0
0
0
0
0
0
0
0
0
0
0
0
0
0
0
0
0
0
0
0
0
0
0
0
0
0
0
0
0
0
0
0
0
0
0
0
0
0
0
0
0
0
0
0
0
0
0
0
0
0
0
0
0
0
0
0
0
0
0
0
0
0
0
0
0
0
0
0
0
0
0
0
0
0
0
0
0
0
0
0
0
0
0
0
0
0
0
0
0
0
0
0
0
0
0
0
0
0
10.6
0
0
0
0
0
0
0
0
0
0
0
0
0
0
0
0
0
0
0
0
0
0
0
0
0
0
0
0
0
0
0
0
0
0
0
0
0
0
0
0
0
0
0
0
0
0
0
0
0
0
0
0
0
13
0
0
0
0
0
0
0
0
0
0
2.6
0
1.6
0
0
0
0
60
76
1.6
0
0
1.6
0
0
22.1
27.4
2.6
1.6
40
41.6
5
0
0
10
6
0
50
27
40
113
7
2
16
7
8.4
21
0
5
9.2
0
0
0
0
0
0
0
0
11
0
22
1.8
4
0
27.4
0
0
0
0
10
13.2
20
2
2.4
2.2
1
0
0
53.4
0
0
0
0
0
0
0
0
12
0
0
45
48
11
0
0
44.2
0
20.4
60
22.2
134.8
0
0
0
0
5
0
0
0
0
0
0
0
0
0
0
30
0
56
0
0
56
0
0
0
0
0
0
12.4
0
0
0
0
0
0
0
25
30
3
0
0
0
0
25
0
0
0
0
0
19
0
0
0
0
0
0
0
0
0
0
0
0
0
0
0
0
0
0
0
0
0
0
0
0
0
0
0
0
0
0
0
0
0
0
0
0
0
0
0
0
0
0
0
0
0
0
0
0
0
0
0
0
0
0
0
0
0
0
0
0
0
0
0
0
0
0
0
0
0
0
0
0
0
0
0
0
0
0
0
0
0
0
0
0
0
0
0
0
0
0
0
0
0
0
0
0
0
0
0
0
0
0
0
0
0
0
0
0
0
0
0
0
0
0
0
0
0
0
0
0
0
0
0
0
0
0
0
0
0
0
0
0
0
0
0
0
0
0
0
0
0
0
0
0
0
0
0
0
0
0
0
0
0
0
0
0
0
0
0
0
0
0
0
0
0
0
0
0
0
0
0
0
0
0
0
0
0
0
0
0
0
0
0
0
0
0
0
0
0
0
0
42
0
0
6
0
0
0
0
0
0
0
0
0
0
43.6
0
0
0
14.2
21.2
0
0
0
0
0
0
0
0
0
0
0
0
13.6
0
60
0
4
0
0
0
0
0
25
5
128
15
60
10
10
12
0
27.6
26
0
0
16
0
0
0
0
14
25.6
24
15
27.6
10.5
43
45
20
46
60.4
8
48
15
0
0
0
18.6
16
76.6
16
3
0
0
0
0
0
0
24
4
8
0
35
40
10
0
20
22
6
0
0
0
0
0
5
10
23
30
18
0
10
15
8
60
25
30
15
0
6
0
0
0
0
0
66
5
0
8
0
0
0
0
26
30
0
22
230
145
0
0
20
0
0
0
0
0
0
0
0
30
20
0
0
0
0
0
0
0
0
0
28
20
0
0
0
0
0
0
0
0
0
0
0
0
0
8
0
0
0
0
0
0
0
0
0
0
0
0
0
0
0
0
0
0
0
0
0
0
0
0
0
0
0
0
0
0
0
0
0
0
0
0
0
0
0
0
0
0
0
0
0
0
0
0
0
0
0
0
0
0
0
0
0
0
0
0
0
0
0
0
0
0
0
0
0
0
0
0
0
0
0
0
0
0
0
0
0
0
0
0
0
0
0
0
0
0
0
0
0
0
0
0
0
0
0
0
0
0
0
0
0
0
0
0
0
0
0
0
0
0
0
0
0
0
0
0
0
0
0
0
0
0
0
0
0
0
0
0
0
0
0
0
0
0
0
0
0
0
0
0
0
0
0
0
0
0
0
0
0
0
0
0
0
0
0
0
0
0
0
0
0
0
0
0
0
0
0
0
0
0
0
0
0
0
0
0
0
0
0
0
0
0
0
0
0
0
0
0
0
0
0
0
31.3
0
0
0
0
22.4
0
0
0
11.5
0
0
0
0
0
