442250
441500
441500
441500
441500
441500
441500
441500
441500
441500
441500
441500
441500
441500
441500
441500
441500
441500
441500
441500
439000
434500
431000
427250
425750
422500
419725
418000
417500
417000
415500
414750
412500
411750
411000
411000
411000
410500
410500
410000
410000
410000
409250
409250
408500
408500
404750
399750
395000
389000
383500
377000
372000
367000
361750
357750
353500
350000
349250
348500
347750
347000
346000
345000
344000
343000
342500
341500
340000
334250
329500
324500
319000
315500
311000
308500
304000
3e+05
296250
295000
293750
293000
292000
291000
290500
290000
289250
288500
287500
286500
283750
277000
272000
266500
259750
253000
247500
241000
234500
228500
225000
224750
224750
224000
223500
223500
223500
223000
222500
222000
221500
220000
216500
209500
203500
107500
190000
183500
176500
169000
162000
156000
149500
143000
138500
137000
136000
134500
133500
132250
131500
129750
129250
129000
128000
127500
127500
127500
127000
127750
128000
128000
127750
127500
127000
126500
126250
126000
125750
125500
125000
126250
126500
126500
126500
127500
129750
138250
153000
156000
157000
160000
161500
163000
168500
171000
177500
184000
189500
193000
195500
197500
199000
199500
201500
202000
202500
202500
202500
202500
202500
202500
204000
205000
208500
211000
213000
215000
219000
220250
220500
221000
221000
221500
221500
222500
222500
222000
222000
222000
217000
209000
199500
191500
189750
193000
191500
183000
174000
160000
147500
136000
123500
123500
123000
124250
140500
144500
149000
155000
158250
159500
160000
161000
162000
168000
171500
174000
175000
177500
193000
204500
209500
213000
216500
219000
222000
237500
273000
251500
266500
274000
277500
276500
272000
282000
299000
308500
329500
350000
363250
376000
392000
409250
417000
421000
426500
440000
452000
464500
471500
471500
477250
479000
479000
479000
479000
481500
486000
489250
493000
491000
485000
479000
471500
464500
453500
445250
439000
439000
435250
426500
419500
411750
406250
403000
396000
397500
398250
399000
399000
399000
399000
398250
397500
397500
396750
396000
395000
384250
373500
361750
350000
337750
327500
319000
313000
311500
310750
310500
310000
309500
309500
309500
309500
310000
310000
310000
310000
310000
310000
310500
310500
310500
310500
310500
310500
310500
310500
310500
310500
310500
310500
310750
310500
310500
310000
310000
309500
309500
309500
309500
309500
309500
309500
309500
309500
309500
309500
309500
309500
309500
309250
309250
309000
309000
309000
309000
309250
310500
315000
318000
320500
321500
321500
321500
322250
323000
323000
323000
323000
323000
323500
323500
323500
323500
324000
324000
324000
324000
324000
324500
324500
324500
324500
324500
324500
324000
324000
324000
324000
323500
323500
321500
318000
313000
310000
307500
305500
304000
303000
301000
299000
298500
299000
299500
299500
299500
299500
3e+05
3e+05
3e+05
3e+05
3e+05
3e+05
299500
299500
299000
299000
299000
298500
298500
298000
298000
293750
287500
281500
275500
269500
264000
262500
258500
254000
251500
251000
250500
250500
249750
249000
248500
248500
248000
247000
247000
246500
246000
245000
243500
241500
240000
238000
234500
233000
232000
231000
230000
229000
228500
225000
224500
223500
221500
220500
219500
219000
218000
216000
211000
203000
197500
190500
186000
181000
176000
169500
163000
156500
152500
150000
147500
147000
146500
146000
145500
145500
145250
145000
144000
144000
143000
143500
143500
144000
144000
144000
143500
143000
143000
143000
143000
142750
143000
143000
142500
142250
142000
141000
141000
141000
141000
141000
140750
141000
141000
141500
141000
141500
141500
141500
141500
141500
141500
141500
141500
141500
142250
142250
142250
142500
142750
143500
144500
144500
144500
145000
145000
145000
145250
145250
145500
145750
147250
149000
151500
153000
154000
155500
157500
158500
160000
160500
160500
161250
161750
163000
165000
168000
170500
196500
220500
242500
248000
249000
255000
283750
295500
313000
321500
340000
368000
376000
381000
382000
382000
381000
379250
384250
388000
388500
397500
408500
409250
410000
412500
412500
416000
426500
439500
446000
451000
451000
449250
445250
439500
435250
426500
424500
420250
417500
415500
412500
407000
401250
400500
411750
431000
447000
450000
453500
452000
453500
453500
455500
457000
458000
458000
459000
459000
460000
461000
461750
458000
454500
445250
436750
423250
414750
404000
392000
379250
368000
355500
342000
331000
317500
313000
324500
369500
383500
378500
373500
374500
375250
376000
376000
377750
378500
378500
378500
378500
378500
377750
377000
388500
392750
393500
388000
378500
368000
355500
342500
331750
319000
309500
3e+05
287500
274750
265000
252000
243000
233000
223000
222000
222000
222000
222000
222000
222000
222000
222000
222000
222500
222500
222500
223000
223000
223000
223000
223500
223500
223500
223500
223500
223500
223500
223500
223500
223000
223000
225000
225000
222000
222000
222000
222000
222500
222500
222500
222500
222500
223500
223500
223000
223000
223000
223000
222500
222500
222500
222000
222000
222000
222500
222500
222500
222500
222500
222500
222500
222500
222500
222500
225000
225000
225000
225000
225000
225000
225000
222000
222000
221500
221500
221500
221000
220500
220250
218500
213000
207000
203500
198500
195000
190500
186000
181000
176000
170500
166000
164500
164500
164000
164000
164000
164000
164000
164000
164000
164000
163750
163500
163500
163500
163500
163500
163500
163500
163250
163250
163250
163250
163500
163500
163500
163250
163000
162000
161750
161500
161250
161000
161000
161000
161000
161000
161000
160500
160500
159500
159500
159500
159500
159500
159500
159500
159500
159000
159000
158000
157500
155500
152500
150000
148750
149000
150500
151250
154000
156500
157500
158000
158000
158000
158000
158000
158000
158000
157500
157500
157000
157000
156000
152000
144000
139000
136000
131500
131000
131000
130500
130500
130000
130000
130000
129750
129500
129500
129500
129250
129000
128500
128000
128000
128000
127750
127750
127750
127750
127750
127750
127500
127000
126500
126250
125750
125000
125000
124500
124225
120000
120000
119500
106725
100750
1e+05
99700
99700
99700
99700
99700
100250
100250
100500
101000
101000
101250
101250
101250
102000
102500
103000
104000
98100
98600
98600
98600
98600
98600
98600
98600
101500
107500
110250
111000
112500
113500
114250
115000
119750
139500
146500
149000
151000
152500
154000
155000
155000
155250
155500
155750
157000
157500
158500
164000
179500
182500
184000
184500
186500
193250
198500
2e+05
201500
202000
202500
203000
206000
213000
219000
222000
220250
214000
207500
199500
189500
179750
169500
159750
150000
148750
145750
140250
133750
136250
141000
215500
243000
255000
262500
267000
270000
272500
274000
276000
280500
284500
289250
297000
334250
344000
352250
356250
366250
389250
410000
0
0
0
0
0
0
0
0
0
0
0
0
0
0
0
0
0
0
0
0
0
0
0
0
0
0
0
0
0
0
486500
486500
486500
486500
486500
486500
486500
488500
489250
490000
490000
490000
488500
486000
483000
478000
472000
470250
464500
457000
452000
449250
445250
441500
438250
433750
429500
421750
418000
411000
409750
402000
402000
407750
413250
414750
415500
416250
417000
417500
417500
417500
418000
418000
418000
418000
418000
418000
418000
418000
418000
418000
418000
418000
418000
418000
418000
417500
417500
417500
417500
417000
417000
417000
417000
417000
416250
415500
415500
415500
415500
415500
415500
415500
415500
415500
415500
415500
415500
415500
415500
415500
415500
415500
415500
415500
415500
414750
414750
414750
414750
414750
414750
414750
414750
414750
414750
414750
414000
414000
414000
414000
414000
414000
414000
413250
413250
412500
411000
411000
411000
410000
409250
408500
407000
405500
404750
404000
404000
404000
404000
403000
403000
703000
404750
405500
405500
405500
405500
405500
405500
405500
405500
405500
404750
404750
404000
404000
404000
398250
390500
384250
377000
371500
367000
364000
361000
357000
352250
346000
342000
341500
341500
341000
341000
341000
341000
341000
340500
340000
337000
331000
324500
319750
314500
310000
305500
299500
292500
286500
281500
281000
277500
275500
275000
273000
272000
272000
372000
272000
272000
271000
267750
260600
254000
253500
253000
252500
248000
243500
237000
231500
225000
219000
212500
206000
205000
204000
201000
202000
202500
202500
202000
201500
201500
201000
199000
193250
187000
183500
178500
170500
162000
155000
147250
140750
134750
130000
129750
129500
129500
129250
129250
129250
129250
129000
128500
128000
128000
127750
127500
127500
127000
126500
126250
126000
127000
126500
126500
126500
126500
126250
126250
126000
125750
125500
125000
125750
131000
133500
136000
137750
138250
141500
142500
142750
148750
153000
156000
159000
163750
169000
170250
173000
175750
178500
182500
185500
188500
189750
191000
194500
207000
211000
212500
213500
218000
221500
224500
227000
241000
243000
247000
248000
248500
249000
251000
253500
255500
257000
257500
258000
259000
261500
265500
270000
274750
278000
283000
295500
302500
308000
315000
321500
326500
330000
332500
338500
347000
348500
345000
338500
333000
331750
326500
325750
327000
327500
329000
357000
377000
384250
388000
392000
395000
395500
398250
404000
412500
426500
436750
441500
446500
450000
449250
449250
452000
453500
454250
455500
457000
458000
459000
457000
452750
457000
462500
468000
475000
483000
488500
483750
478000
475000
471000
466000
455500
446000
436000
425000
414750
402000
389000
377000
365500
352250
338500
327500
319750
312500
304000
301500
301000
303500
367500
379250
384250
388000
386500
382750
377750
377000
377000
377000
377750
377750
374500
364750
353500
341000
328250
315500
305000
293750
282000
269500
259750
259750
259750
259750
259750
259000
259000
259000
259000
259750
259750
259750
259750
260500
260500
260500
260500
260500
260500
260500
260500
260500
260500
260500
260500
261000
261000
261500
261500
262500
262500
262000
261500
261500
261500
261500
261500
261500
261500
262000
262000
262000
262000
262000
262000
261500
261500
261500
261500
261000
261000
261000
260500
260500
260500
260500
259750
257000
257000
257000
257000
257000
257000
257000
256250
256250
256250
256250
256250
256250
256250
256250
256250
256250
256250
257000
257000
257000
257000
257000
257000
257000
257000
254500
252000
251500
246000
242500
240000
237000
234500
229500
226000
223500
222000
222000
222000
222000
222000
222000
222000
222000
222000
222000
222000
221500
221500
221500
221500
221500
221500
221500
221500
217000
210750
208000
206000
202500
199000
195500
190500
184500
179000
173000
171000
171000
171000
171000
171000
171000
170500
170500
170000
170000
170000
170000
169500
169500
169000
168500
168500
168500
168000
167500
167000
166500
166000
165500
165500
165000
165000
164500
164500
164000
164000
163750
163750
161000
161000
160500
160500
160000
159750
159500
158500
158250
158000
157500
156500
156000
155500
155000
155000
152500
152000
152000
151250
149000
148500
146500
143500
143000
142500
142000
141000
140750
140250
140000
139500
140000
140250
140250
140250
140000
140000
140000
140000
140750
141000
140500
140500
140250
140250
140000
140000
140000
139500
139500
139000
138750
138500
138000
137750
137500
137000
137000
136500
136500
136500
138250
147000
147250
148000
149000
151000
151500
151500
152000
152000
153500
154500
156000
158000
158500
158500
161750
169500
178500
182500
186000
186500
181500
180500
182000
183750
186500
189500
191000
193250
195500
196500
106500
218500
222500
224500
226500
229000
231000
234000
236000
238000
242000
245000
248000
254500
262000
269500
274000
276500
277000
274750
271000
268500
292000
303500
302500
398000
295500
397500
300500
304500
309250
313000
321000
327500
335000
340000
342500
347000
358500
363250
366250
368750
371000
372750
374500
377000
380000
382000
382750
383500
385000
383500
381000
381000
377750
376000
380000
389750
395500
404000
408500
411750
413250
414750
417500
420250
421000
418750
411000
104750
424000
456250
471000
476500
477250
481500
479000
480750
475750
492000
475750
470250
469500
474250
479000
482250
485250
486500
489250
491000
494000
493000
495000
493000
492000
491500
486500
478000
471000
461000
450000
441500
434500
427250
428000
424000
418000
411000
406250
404000
403000
404000
404000
404000
404000
404000
404750
404750
404750
404750
404750
405500
406250
414000
436750
442250
445250
447000
448500
450000
450000
451000
452000
452750
453500
454000
455500
455500
455500
465250
456250
456250
456250
456250
457000
457000
457000
457000
457000
457000
457000
458000
459000
459000
459000
459000
459000
459000
459000
459000
459000
458000
458000
458000
457000
457000
457000
457000
457000
457000
457000
457000
457000
457000
457000
458000
458000
458000
459000
459000
459000
459000
459000
459000
459000
459000
459000
459000
459000
459000
459000
459000
459000
459000
459000
459000
459000
459000
459000
459000
459000
459000
456250
456250
456250
453500
453500
453500
450000
450000
448500
447750
446000
446000
440750
437500
433750
429500
423250
418750
416250
412500
406250
402000
399750
399750
399000
399000
399000
398250
395500
393500
392000
392000
392000
392000
392000
392000
392000
389000
382750
376000
369500
362500
365250
349250
341000
333500
326500
323000
322250
322250
321500
321000
320500
3192250
319250
319250
319250
319000
319000
315000
309000
303500
297500
289250
282500
274000
265500
358000
258000
249000
243500
243000
242500
242000
241000
241000
241000
241000
241000
240500
240000
240000
234000
226000
218000
211000
202000
194000
188000
183750
182000
182000
182000
182500
182500
183000
183500
183750
183750
183750
183750
183750
183500
179500
175500
169500
163000
158000
155000
154500
154000
153000
152500
151500
151000
150500
150000
149000
148500
148000
147500
147000
146000
145500
145750
145250
144000
144500
144000
144000
144000
145500
153000
155000
155250
155250
155000
155000
154000
153000
152250
152000
151250
150000
151000
152000
153000
156000
161250
163000
163500
165000
177000
189750
194500
197500
198000
198000
198000
201500
207250
222000
238500
241500
244500
253500
264000
269000
276500
287500
290000
290500
291000
291000
291500
291500
291000
287500
279250
270000
260500
252000
242500
236000
225500
214000
206500
197000
192000
197000
204500
212000
214000
278500
336000
341500
350000
354000
356250
357750
359250
362500
367000
371500
377750
384250
396000
396000
386500
383500
371000
373500
375250
377250
380000
383500
385000
383500
384250
384250
382000
283500
393500
392750
389750
384250
378500
370250
362500
365500
341000
331000
321500
311000
302500
294500
285000
274000
262500
250500
239500
234000
236000
238000
239500
240000
241000
243000
244000
244500
245500
246000
246500
247500
248000
248000
248000
248000
247500
247000
246500
244500
233000
219500
205500
190000
176000
160500
145500
131000
131000
129000
128500
128000
127750
128000
128000
128000
128000
128000
128000
128000
128000
128000
128000
128000
127750
127750
127750
127750
127500
127000
126500
126500
126250
126250
126000
126000
125750
125750
125750
125500
125500
125000
124500
124250
123500
123000
122750
122750
122750
122750
122750
122750
122500
122500
122500
122500
122500
122500
122250
122250
122250
122250
122250
122000
122000
122000
122000
122000
122000
122000
122000
122000
122000
121500
121500
121500
121500
121500
121500
121500
121500
121500
121500
121500
121500
121000
121000
121000
121000
121000
120500
120500
120250
120250
120000
120000
120000
120250
120250
120250
120000
120000
120000
120000
120000
119750
119750
119750
119750
119750
119500
119500
119500
119250
119250
119000
118750
118750
118750
118750
118750
118750
118750
118750
118750
118750
118500
118500
118500
118500
118000
117500
117500
117000
116750
116500
116250
116250
116000
116000
116000
116000
116000
116000
116000
116000
115750
115750
115000
114250
113750
113500
113250
113000
112750
112500
112000
112000
112000
111500
111500
111500
111500
111250
111250
111250
111500
111500
111500
112500
113000
113000
113250
113250
113500
113500
113750
114000
114000
114250
114250
114250
114500
114500
114500
114500
114500
114500
114500
115000
115000
115000
115500
112500
108000
1e+05
99150
99150
99150
99150
99150
99150
98900
98900
98900
98900
98900
98900
98600
98600
98600
98900
98900
99400
99700
99700
99700
100250
100250
100500
100500
100500
100500
101000
101000
101250
101500
101750
102500
102750
102750
103000
103000
103000
103000
103000
103000
103000
102750
102750
102750
102750
102375
102375
102375
102250
102250
102250
102375
102750
104000
104500
105000
105250
105500
107500
111500
122500
129500
138750
146000
152750
158000
160000
161250
162500
166000
176500
185000
197000
239000
288500
396250
302000
308000
310500
312000
313750
317500
326500
371500
385750
392750
397500
399750
422500
418000
414000
413250
408500
406950
410500
413250
411750
411000
412500
415500
417500
418750
420250
428000
437500
439000
429500
427250
425000
424500
422500
424000
425000
429500
435250
439500
436750
436750
439000
440750
445250
440750
4437750
445250
432500
444500
448500
452750
452750
453500
452000
452750
453500
451000
452000
453500
452000
452000
455500
455500
458000
468000
471500
477250
446500
476500
479000
479000
480750
482250
484500
483750
484500
484500
486000
487000
488500
490000
491000
492000
492000
493000
494000
494000
495000
494000
494000
494000
494000
495000
495000
486500
476500
464500
453500
443000
433000
425000
415500
404000
392750
380000
370250
363250
364000
364750
361750
356250
350750
344000
343000
343000
344000
350000
353000
3535500
354000
354750
355500
356250
357000
357750
357750
357750
357750
357750
357750
357750
357750
359250
360000
360500
361000
361000
361750
361750
362500
363250
362250
364000
364000
364000
364000
364750
365500
367000
367500
368000
368000
368750
368750
369500
369500
369500
369500
369500
369500
369500
368750
368750
368750
368750
368750
369500
369500
369500
369500
369500
369500
369500
369500
369500
369500
368750
368750
368750
368750
368000
368000
367500
367000
366250
366250
366250
366250
366250
366250
366250
366250
366250
366250
366250
367000
367000
367500
367500
368000
368000
368000
368750
368750
368750
368750
368750
368750
368000
367500
367500
367500
367000
367000
362500
357000
353000
349250
346500
346000
343000
341500
339250
337000
336000
335500
334250
333000
332500
331000
331000
330500
329500
328250
327500
326500
325000
324000
322250
319000
316250
312000
310000
308000
306500
305000
303000
302000
301500
301000
301000
301000
301000
300500
300500
300500
308000
322250
325750
327000
326500
325750
325000
325000
325000
325000
324500
324000
323500
319750
315000
311500
309250
307000
304500
302500
301000
298500
297000
297000
297000
297000
297000
297000
297500
297000
296250
294500
292000
289250
282500
0
281500
278500
277000
276000
274000
273000
273000
273000
273000
273000
272000
271000
271000
271000
270000
270000
269750
268500
267000
266000
262000
260500
260500
260500
260500
260500
259750
289750
259750
259750
259750
259750
259750
259750
259000
259000
258000
258000
258000
257500
257500
257500
257500
258000
258000
258000
259750
262000
269500
275500
276500
277000
277500
277500
278500
279250
0
281500
283000
283750
285000
286500
293000
296250
298500
303000
307500
309250
310750
325750
372000
416250
397500
390500
397500
399750
407750
399000
389750
394250
396750
398250
397500
395500
393500
391250
388000
377750
367500
359250
353500
357000
360000
374000
381000
385000
391250
395000
393500
388500
384250
386500
396750
407000
411750
411000
408500
408500
411000
410500
408500
408500
408500
403000
401250
395500
390500
388000
392000
396000
403000
414700
433750
435250
427250
432000
428000
423250
437500
431000
438250
439000
439500
442250
440000
442250
443750
445250
445250
444500
441500
433000
425750
417000
408500
395500
385000
388000
386500
378500
376500
374500
375500
376000
374000
371500
371500
370250
370250
369500
369500
370250
371000
371000
371000
371000
369500
364000
385000
404750
419500
428750
440000
447000
452000
455500
457000
459000
460000
461750
468000
472000
475000
477250
479000
480000
480000
480750
481500
483000
486500
487000
487750
488500
488500
488500
488500
488500
488500
488500
489250
489250
487000
487000
487750
487750
487750
487500
487750
487750
487750
487750
488500
488500
0
487750
487750
487000
487000
487000
487000
487000
487000
487000
487000
487000
487000
487000
487000
487000
487000
487000
487000
487000
487000
487000
487000
487000
487000
486500
486500
486000
486000
486000
485250
485250
485250
485250
485250
485250
485250
485250
485250
484500
484500
483750
483750
483000
482250
482250
482250
482250
481500
481500
481500
481500
481500
481500
481500
481500
480000
477250
475000
472000
468750
465250
461000
457000
451000
448500
447750
447000
447000
447000
447000
447000
447000
446000
442250
436750
428750
422500
415500
409250
403000
395500
388000
381000
377000
377000
376500
376000
375250
374000
373500
372750
371500
371000
371000
370250
367500
360000
352250
342500
335000
327500
319000
310500
306500
306000
305000
304000
303500
303500
303000
303000
303000
302500
302000
298000
291000
283000
275500
267000
257000
248000
239000
237000
236500
236000
235500
235000
235000
235000
235000
234500
234500
234500
234000
224750
217000
209000
2e+05
191000
182000
173500
1637750
156500
156000
156000
155750
155500
155000
151500
143000
135500
131250
131000
131000
130000
130500
131000
131500
0
0
0
0
0
0
0
0
0
0
0
0
0
0
0
0
0
0
0
145750
146000
146000
146000
146000
146000
146000
146000
146000
145750
145750
146000
147250
161000
179500
183000
184500
186000
186250
186500
187000
189500
213250
243500
252500
261000
298500
325750
344000
362500
374500
381000
387250
391250
393500
403000
407750
406250
404000
399000
404000
401250
401250
415500
404000
387250
386500
387250
387250
389000
388500
390500
385000
377000
377000
385000
376000
383500
384250
418000
410500
380000
364750
369500
369500
372000
374500
377000
382750
390500
398250
404750
409250
4077750
421000
425750
410500
414000
415500
414750
402000
393500
393500
407000
411750
406250
405500
407000
395000
395000
395000
411000
415000
395500
392750
394250
394250
394250
395500
394250
392000
389000
385000
384250
396750
425750
425750
417000
410500
410000
4092250
413250
145000
418000
423250
427250
0
43750
433750
441500
440750
441500
444500
447750
450000
455500
461000
465250
466000
470250
471000
472000
472750
468000
461000
452000
446500
440750
434500
443250
454500
463500
475750
480750
484500
481500
480750
483000
484500
481500
460000
450000
452000
452000
454500
457000
459000
460000
461000
461750
462500
462500
463500
464500
464500
465250
465250
466000
466000
467000
468000
468750
468750
468750
470750
471000
471000
471000
471000
471500
471500
471500
471500
471500
471000
471500
471000
471000
471000
471000
471000
471000
471000
470750
470750
470750
470750
471000
471000
471000
471000
471000
471000
471000
471000
471000
471000
471000
471000
471000
471000
471000
471000
471000
471000
471000
471000
470250
470250
470250
470250
468750
468000
468000
467000
467000
467000
466000
466000
466000
466000
466000
466000
466000
466000
466000
466000
466000
466000
463500
459000
453500
448500
444500
439500
434500
428750
424500
418750
414000
414750
417000
418000
418750
418750
418750
420250
421000
421750
421750
421750
420250
417000
413250
409250
404750
399750
395000
389000
384250
379250
377750
377000
377000
376500
376500
376000
376000
376000
375250
373500
368000
361000
354000
347000
340500
334250
329000
324000
321500
321000
321000
321000
321000
320500
320500
320500
321000
319750
317500
314500
309500
305500
300500
294500
287000
2805000
2735000
266000
258500
252500
245500
273000
229000
220500
213000
204000
187500
170250
163500
157500
149000
140500
129500
129500
129000
129000
128000
128000
127500
127500
127000
126500
126250
126000
125750
125500
125000
124500
124250
123500
123000
110250
104250
99400
97200
94500
87950
85100
84900
85750
86000
86400
86800
87500
88200
90200
94500
89500
89500
82700
72200
63300
59000
59200
59200
59400
59400
60600
63300
64900
65400
68050
72800
76000
80100
81100
86200
89300
90900
91300
91300
92700
94750
95000
95300
95300
95306
94400
108500
94250
94250
90000
89100
90200
90200
76600
66650
66800
67200
67300
67500
68400
68900
69300
69450
70800
75200
80400
80800
84500
89300
94250
96950
102125
109500
119250
151000
172500
198000
210000
216000
0
223500
227500
232000
235000
238500
249000
258000
261500
264000
265500
263250
258500
254000
252000
249000
247000
249000
246000
244000
245500
246500
246500
245000
241500
236500
231500
224750
217000
207000
196000
183500
171500
159000
146500
140250
145700
163750
185000
196000
201000
204500
206500
207500
208500
213500
224000
228000
230000
231500
234000
231000
237000
295500
461000
468000
524000
459000
408500
388500
395000
408500
414500
419500
422500
425000
427250
432000
436750
440000
442250
443750
445250
446500
448500
451000
452000
453500
455500
455500
449250
442250
436750
427250
420250
411000
400500
388000
374500
364750
351500
338000
326500
316250
307500
298000
286500
276000
265500
254500
244000
234000
234000
234500
234500
234500
235000
235000
235500
236000
236500
236500
237000
237000
237500
238000
238500
176800
176800
177250
177250
177250
177250
177700
177700
177700
177700
178150
178150
178600
178600
178600
178600
178600
179050
179050
179050
179050
179050
179050
179050
178600
178600
178150
178150
177700
177250
177250
177250
177250
177250
177250
177250
177250
177250
177700
177700
