0.0 0.0 3.8 0.0 0.0 0.0 
2.6 11.9 0.0 0.0 0.0 0.0 
2.0 14.2 0.0 0.0 0.0 0.0 
0.0 0.0 0.0 0.0 0.0 0.0 
0.0 0.0 0.0 0.0 0.0 0.0 
0.0 0.0 0.0 0.0 0.0 0.0 
0.0 0.0 0.0 0.0 0.0 0.0 
0.0 0.0 0.0 0.0 0.0 0.0 
0.0 0.0 0.3 4.7 0.0 0.0 
8.2 4.1 0.0 3.0 0.0 0.0 
2.5 0.4 1.1 3.8 0.0 0.0 
0.3 0.0 2.2 10.0 0.0 0.0 
1.7 3.2 0.2 0.0 0.0 0.0 
0.0 0.0 0.0 0.0 0.0 0.0 
0.0 0.0 0.0 0.0 0.0 0.0 
0.0 0.0 0.0 0.0 0.0 0.0 
0.0 0.0 0.0 0.0 0.0 0.0 
0.0 0.0 0.0 0.0 0.0 0.0 
0.0 0.0 0.0 0.0 0.0 0.0 
0.0 0.0 0.0 0.0 0.0 0.0 
0.0 0.0 0.0 0.0 0.0 0.0 
0.0 0.0 0.0 0.0 0.0 0.0 
0.0 0.0 0.0 0.0 0.0 0.0 
0.0 0.2 0.0 0.0 0.0 0.0 
0.0 0.0 0.0 0.0 0.0 0.0 
0.0 0.0 0.0 0.0 0.0 0.0 
0.0 0.0 0.0 0.0 0.0 0.0 
0.0 0.0 0.0 0.0 0.0 0.0 
0.0 0.0 0.0 0.0 0.0 0.0 
0.0 0.0 0.0 0.0 0.0 0.0 
0.0 0.0 0.0 0.0 0.0 0.0 
0.0 0.0 0.0 0.0 0.0 0.0 
0.0 0.3 0.0 0.0 0.0 0.0 
2.0 11.7 0.0 0.0 0.0 0.0 
3.5 4.4 0.0 0.0 0.0 0.0 
0.4 0.2 0.0 0.0 0.0 0.0 
0.0 0.0 0.0 0.0 0.0 0.0 
0.0 0.0 0.0 0.0 0.0 0.0 
0.0 0.0 0.0 0.0 0.0 0.0 
0.0 0.0 0.0 0.0 0.0 0.0 
0.0 0.0 0.0 0.0 0.0 0.0 
0.0 0.0 0.0 0.0 0.0 0.0 
0.0 0.0 0.0 0.0 0.0 0.0 
0.0 0.6 0.0 0.0 0.0 0.0 
0.0 0.0 0.0 0.0 0.0 0.0 
0.0 0.0 0.0 0.0 0.0 0.0 
0.0 0.0 0.0 0.0 0.0 0.0 
0.0 0.0 0.0 0.0 0.0 0.0 
0.0 0.0 1.2 5.4 0.0 0.0 
0.2 0.0 0.0 2.0 0.0 0.0 
0.0 0.0 0.0 0.0 0.0 0.0 
0.0 0.0 0.0 0.0 0.0 0.0 
0.0 0.0 0.0 0.0 0.0 0.0 
0.0 0.0 0.0 0.0 0.0 0.0 
0.0 0.0 0.0 0.0 0.0 0.0 
0.0 0.0 0.0 1.3 0.0 0.0 
0.0 0.0 0.0 0.9 0.5 0.0 
0.0 0.0 0.7 1.5 0.0 0.0 
0.0 0.0 0.0 6.3 0.0 0.0 
21.0 7.7 0.3 6.1 0.0 0.0 
0.0 0.0 0.0 0.0 0.0 0.0 
0.0 0.0 0.0 0.0 0.0 0.0 
0.0 0.0 0.0 0.0 0.2 0.0 
0.0 0.0 1.2 0.0 0.0 1.6 
0.2 0.1 0.0 0.5 0.0 0.0 
0.3 0.2 0.0 9.1 0.0 0.0 
0.0 0.0 0.0 0.5 0.0 0.0 
0.0 0.0 0.0 0.0 0.0 0.0 
0.0 0.0 0.0 0.0 0.0 0.0 
8.3 0.4 0.4 2.5 0.0 0.0 
0.0 0.0 0.0 0.0 0.0 0.0 
1.2 0.0 0.4 0.3 0.0 0.0 
15.7 1.5 0.0 1.0 0.0 0.0 
13.9 1.0 0.5 28.6 0.0 0.0 
1.9 0.2 0.0 10.6 0.0 0.0 
0.0 0.0 0.0 5.6 0.0 0.0 
0.0 0.0 0.0 0.0 0.0 0.0 
0.0 0.0 0.0 0.0 0.0 0.0 
0.0 0.0 0.0 0.0 0.0 0.0 
0.0 0.0 0.0 0.0 0.0 0.0 
0.0 0.0 0.0 0.0 0.0 0.0 
2.0 0.0 0.7 8.6 0.0 0.0 
1.0 0.5 0.2 2.4 0.0 0.0 
12.3 20.3 0.0 0.0 0.0 0.0 
0.0 0.0 0.0 0.0 0.0 0.0 
0.0 0.0 0.0 0.0 0.0 0.0 
0.0 0.0 0.0 0.0 0.0 0.0 
4.9 0.0 0.0 0.0 0.0 0.0 
0.0 0.0 0.0 0.0 0.0 0.0 
0.0 0.0 0.0 0.0 0.0 0.0 
0.0 0.0 0.0 0.0 0.0 0.0 
0.0 0.0 0.0 0.0 0.0 0.0 
0.0 0.0 0.0 0.0 0.0 0.0 
0.0 0.0 0.0 0.0 0.0 0.0 
21.4 0.0 0.0 1.2 0.0 0.0 
1.3 0.3 0.0 0.0 0.0 0.0 
0.0 0.0 0.1 3.5 0.0 0.0 
0.0 0.0 0.0 0.0 0.0 0.0 
0.0 0.0 0.0 0.0 0.2 0.2 
0.6 0.0 0.0 0.0 0.0 0.9 
0.0 13.9 0.0 0.0 0.0 0.6 
15.1 3.1 0.0 0.0 0.0 0.0 
0.0 0.0 0.0 0.0 0.0 0.0 
24.0 0.0 0.6 37.2 0.0 0.0 
0.0 0.0 0.0 0.0 0.0 0.0 
0.0 0.0 0.0 0.0 0.0 0.0 
0.0 0.0 0.0 0.0 0.0 0.0 
0.0 0.0 0.0 0.0 0.0 0.0 
0.0 0.0 0.0 0.0 0.0 0.0 
0.0 0.0 0.0 0.0 0.0 0.0 
0.0 0.0 0.0 0.0 0.0 0.0 
0.0 0.0 0.0 0.0 0.0 0.0 
0.0 0.0 0.0 0.0 0.0 0.0 
0.0 0.0 0.0 0.0 0.0 0.0 
0.0 0.0 0.0 0.0 0.0 0.0 
0.0 0.0 0.0 0.0 0.0 0.0 
0.0 0.0 0.0 0.0 0.0 0.0 
0.6 0.0 0.0 0.0 0.0 0.0 
0.0 0.2 0.0 0.0 0.0 0.0 
0.0 0.6 0.0 0.0 0.0 0.0 
0.0 0.0 0.0 0.0 0.0 0.0 
0.0 0.0 0.0 0.0 0.0 0.0 
0.0 0.0 0.0 0.0 0.0 0.0 
0.0 0.0 0.0 0.0 0.0 0.0 
0.0 0.0 0.0 0.0 0.0 0.0 
2.6 34.4 0.0 0.0 0.0 0.0 
0.0 0.0 0.0 0.0 0.0 0.0 
0.0 0.0 0.0 0.0 0.0 0.0 
0.0 0.0 0.0 0.0 0.0 0.0 
0.0 0.0 0.0 0.0 0.0 0.0 
0.0 0.0 0.0 0.0 0.0 0.0 
14.3 0.3 0.0 0.0 0.0 0.0 
0.0 0.7 0.0 0.0 0.0 0.0 
0.0 0.0 0.0 0.0 0.0 0.0 
0.0 0.0 0.0 0.0 0.0 0.0 
0.0 0.2 0.0 0.0 0.0 0.0 
1.7 2.1 0.0 0.0 0.0 0.0 
11.8 0.0 0.0 0.0 0.0 0.0 
0.0 0.0 0.0 0.0 0.0 0.0 
9.7 0.7 0.0 0.0 0.0 0.0 
13.6 0.1 0.0 10.0 0.0 0.0 
2.0 0.0 0.0 0.0 0.0 0.0 
1.8 6.6 0.0 2.3 0.7 0.0 
0.4 0.0 0.0 0.0 0.0 0.0 
0.0 0.0 0.0 0.0 0.0 0.0 
0.0 0.0 0.0 0.0 0.0 0.0 
9.6 0.0 0.0 0.0 0.0 0.0 
0.0 0.0 0.0 0.0 0.0 0.0 
33.7 0.0 0.0 0.0 0.0 0.0 
2.7 0.0 0.0 0.0 0.0 0.0 
0.0 0.3 0.0 16.1 0.0 0.0 
0.0 0.7 0.0 0.0 0.0 0.0 
0.0 0.9 0.0 6.0 0.0 0.0 
18.0 0.3 7.5 19.1 0.0 0.0 
0.0 3.9 0.8 0.4 0.0 0.0 
9.3 42.4 3.0 0.0 0.0 0.0 
30.7 48.1 5.3 2.2 10.9 0.9 
23.1 42.0 2.1 0.2 0.5 15.6 
8.8 11.0 19.3 0.4 1.0 17.4 
13.8 27.2 6.6 25.4 6.0 3.9 
36.0 25.1 11.6 17.9 3.1 4.7 
0.8 6.9 12.3 2.0 11.8 51.6 
1.4 14.5 4.8 9.5 0.0 0.0 
10.0 26.2 11.3 38.2 0.0 0.0 
0.8 8.5 3.5 4.2 0.4 0.0 
1.0 21.6 5.5 34.7 0.0 0.0 
11.9 66.3 0.0 0.2 0.0 0.0 
2.6 2.2 0.8 0.0 3.3 0.0 
0.0 0.6 1.7 0.0 0.0 0.0 
0.0 7.1 0.0 1.1 0.0 0.0 
6.1 24.4 0.9 0.6 0.0 7.3 
0.0 0.7 9.8 0.0 0.5 3.4 
0.0 0.2 3.0 0.0 0.0 1.6 
0.7 0.0 0.8 0.3 0.0 0.0 
0.0 0.0 0.0 0.0 0.0 0.0 
0.0 0.0 0.0 0.0 0.0 0.0 
0.0 0.0 0.0 0.0 0.0 0.0 
0.0 1.0 0.0 0.0 0.0 0.0 
0.0 4.8 0.0 2.1 0.0 0.0 
4.4 19.3 0.0 14.1 0.0 0.0 
0.5 1.0 8.6 14.9 0.0 0.0 
0.0 3.8 6.0 0.0 0.0 0.0 
0.1 0.0 0.0 4.0 0.0 0.0 
55.2 104.0 7.2 0.0 0.0 0.0 
52.2 47.4 1.2 0.2 0.0 0.0 
16.2 3.8 0.0 0.0 0.0 0.0 
1.0 6.3 0.0 0.0 0.0 0.3 
0.0 0.0 0.0 0.0 0.0 0.5 
0.0 3.6 0.0 0.0 0.0 0.0 
0.1 1.0 0.6 13.7 0.0 0.0 
7.7 3.2 0.3 9.0 0.2 0.1 
3.3 0.9 0.0 0.0 4.8 0.7 
2.8 2.7 0.0 0.0 0.3 0.4 
0.1 0.8 0.0 0.0 0.8 9.9 
0.0 2.2 0.4 0.0 0.0 3.7 
0.4 0.2 19.3 2.5 0.0 0.0 
2.8 1.6 0.3 0.0 12.6 1.1 
36.7 22.0 2.8 23.7 30.7 0.6 
20.3 14.3 23.7 30.2 7.8 0.0 
0.6 1.1 4.4 27.6 40.7 40.2 
46.1 25.3 12.3 16.5 80.1 82.6 
12.6 36.5 20.6 19.8 6.0 7.7 
123.3 39.0 37.5 35.9 3.0 0.1 
8.3 4.2 148.9 82.0 63.5 45.5 
0.0 0.0 103.3 24.5 7.2 17.9 
0.0 4.9 12.9 4.9 0.6 1.0 
4.2 1.5 6.4 2.8 0.0 3.8 
0.9 3.1 27.1 0.3 0.0 0.0 
10.6 3.6 12.6 1.9 0.0 17.1 
1.8 13.5 11.7 6.9 7.7 5.5 
1.1 11.1 2.8 11.7 5.0 0.0 
1.4 0.4 2.0 0.2 0.6 0.0 
0.2 0.4 0.0 0.0 9.8 0.4 
1.1 6.8 6.1 10.4 3.6 3.2 
41.3 33.1 17.4 4.8 0.4 20.8 
2.9 14.1 22.0 9.9 8.6 92.1 
4.3 0.2 2.2 9.5 1.5 38.1 
19.9 1.2 3.7 11.2 0.4 29.4 
1.0 1.7 9.1 6.6 0.7 20.5 
0.9 6.2 11.9 3.2 51.6 6.0 
0.3 1.7 27.6 0.0 0.6 2.4 
7.4 10.4 10.3 3.4 0.0 19.0 
23.3 2.0 36.7 9.0 0.6 0.6 
28.3 20.7 28.7 12.1 0.0 0.6 
2.7 17.2 38.5 26.1 0.0 0.0 
0.1 3.5 35.2 14.2 1.3 9.0 
0.2 0.0 3.4 0.2 2.5 10.9 
0.1 1.5 0.0 0.0 2.9 20.0 
1.3 5.9 9.1 31.7 1.0 72.8 
2.1 7.7 55.1 13.1 0.4 20.4 
0.4 0.4 3.9 0.5 2.9 16.4 
0.2 1.9 3.0 6.0 0.4 5.3 
0.6 8.8 51.4 2.1 0.0 0.0 
34.9 30.4 39.7 9.0 14.5 0.1 
23.9 28.2 38.2 23.2 29.0 13.2 
5.6 4.6 4.1 9.6 21.9 36.9 
0.8 0.0 1.0 0.0 1.8 7.5 
14.4 2.0 1.1 1.2 0.0 2.3 
16.7 33.0 76.1 32.2 4.8 0.5 
15.4 7.8 34.3 41.2 49.6 3.7 
10.8 12.7 47.5 32.8 37.0 15.6 
2.0 4.8 10.6 8.4 49.7 102.0 
4.1 2.7 0.0 1.1 1.7 2.2 
0.9 1.0 5.2 3.1 0.2 0.4 
16.3 2.3 27.7 16.7 0.2 1.6 
10.4 7.8 19.4 10.5 0.0 0.2 
10.4 19.6 2.7 21.9 15.9 21.7 
12.7 4.7 94.1 15.4 21.8 6.6 
0.3 40.1 36.6 82.0 6.2 11.8 
6.3 14.4 13.5 4.9 0.2 27.6 
0.8 6.4 17.3 8.2 0.0 4.4 
11.1 68.7 0.7 5.4 0.0 0.0 
5.3 13.2 0.0 0.9 0.0 0.0 
0.6 0.6 0.0 0.0 0.0 0.0 
47.4 0.4 0.0 0.0 0.0 0.0 
7.4 30.4 0.0 0.0 0.0 0.0 
5.7 8.5 0.4 1.8 0.0 0.0 
19.2 3.5 4.3 14.9 0.0 0.8 
4.3 5.0 1.4 4.5 20.1 0.0 
0.2 0.0 3.8 3.7 0.0 0.0 
0.5 0.0 0.0 0.5 0.0 0.0 
0.0 0.9 0.0 0.0 0.0 0.0 
23.8 30.5 0.0 0.0 0.0 0.0 
0.0 0.1 0.0 0.0 0.0 0.0 
2.0 1.4 0.0 0.0 0.0 0.0 
5.8 14.5 9.0 16.3 0.0 0.0 
3.2 1.8 24.8 19.0 0.0 0.0 
8.5 12.1 0.4 20.0 0.0 0.0 
45.3 24.9 0.0 0.0 0.0 0.0 
0.0 0.0 0.0 0.0 0.0 0.0 
0.0 0.0 0.0 0.0 0.0 0.0 
0.0 0.0 0.0 0.0 0.0 0.0 
0.0 0.0 0.0 0.0 0.0 0.0 
0.0 8.5 0.0 0.0 0.0 0.0 
0.0 7.6 0.0 0.0 0.0 0.0 
2.0 5.7 0.0 0.0 0.0 0.0 
7.5 10.6 0.0 1.2 0.0 0.0 
24.9 13.9 0.0 16.9 0.0 0.0 
15.0 15.8 0.0 0.0 0.0 0.0 
3.3 13.3 1.7 0.0 0.0 0.0 
0.6 13.4 0.0 0.2 0.0 0.0 
1.9 8.4 3.5 0.0 0.0 0.0 
1.4 0.3 4.5 9.7 0.0 0.0 
10.8 8.3 0.0 0.0 0.0 0.0 
2.3 1.0 0.0 0.0 0.0 0.0 
16.4 22.4 0.0 0.0 0.0 0.0 
0.3 1.9 0.0 0.0 0.0 0.0 
0.0 0.5 0.0 0.0 0.0 0.0 
0.0 0.0 0.0 0.0 0.0 0.0 
0.0 0.0 0.0 0.0 0.0 0.0 
0.0 0.0 0.0 0.0 0.0 0.0 
0.0 0.0 0.0 0.0 0.0 0.0 
0.0 0.0 0.0 0.0 0.0 0.0 
0.0 0.0 0.0 0.0 0.0 0.0 
0.0 0.0 0.0 0.0 0.0 0.0 
0.0 0.0 0.0 0.0 0.0 0.0 
0.0 0.0 0.0 0.0 0.0 0.0 
0.0 0.0 0.0 0.0 0.0 0.0 
0.0 0.0 0.0 0.0 0.0 0.0 
0.0 0.0 0.0 0.0 0.0 0.0 
0.0 0.0 0.0 0.0 0.0 0.0 
0.0 0.0 0.0 0.0 0.0 0.0 
0.5 0.0 0.0 0.0 0.0 0.0 
12.6 12.9 0.0 0.0 0.0 0.0 
0.0 0.0 0.0 0.0 0.0 0.0 
0.0 0.0 0.0 0.0 0.0 0.0 
6.9 0.2 0.0 0.0 0.0 0.0 
12.1 3.0 0.0 0.0 0.0 0.0 
0.0 0.0 0.0 0.0 0.0 0.0 
0.0 0.0 0.0 0.0 0.0 0.0 
0.0 0.0 0.0 0.0 0.0 0.0 
0.0 0.0 0.0 0.0 0.0 0.0 
0.0 0.0 0.0 0.0 0.0 0.0 
0.0 0.0 0.0 0.0 0.0 0.0 
0.0 0.0 0.0 0.0 0.0 0.2 
0.0 0.0 0.0 0.0 0.0 0.0 
0.0 0.0 0.0 0.0 0.0 0.0 
0.0 0.0 0.0 0.0 0.0 0.0 
0.0 0.0 0.0 0.0 0.0 0.0 
0.0 0.0 0.0 0.0 0.0 0.0 
0.0 0.0 0.0 0.0 0.0 0.0 
0.0 0.0 0.2 0.0 0.0 0.0 
0.0 0.0 0.2 0.0 0.0 0.0 
0.0 0.0 0.0 0.0 0.0 0.0 
0.0 0.0 0.0 0.0 0.0 0.0 
0.0 0.0 0.0 0.0 0.0 0.0 
0.0 0.0 0.0 0.0 0.0 0.0 
0.0 0.0 0.0 0.0 0.0 0.0 
0.0 0.0 0.0 0.0 0.0 0.0 
0.0 0.0 0.0 0.0 0.0 0.0 
0.0 0.0 0.0 0.0 0.0 0.0 
0.0 0.0 0.0 0.0 0.0 0.0 
0.0 0.0 0.0 0.0 0.0 0.0 
0.0 0.0 0.0 0.0 0.0 0.0 
0.0 0.0 0.0 0.0 0.0 0.0 
0.0 0.0 0.0 0.0 0.0 0.0 
0.0 0.0 0.0 0.0 0.0 0.0 
0.0 0.0 0.0 0.0 0.0 0.0 
0.0 0.0 0.0 0.0 0.0 0.0 
0.0 0.0 0.0 0.0 0.0 0.0 
0.0 0.0 0.0 0.0 0.0 0.0 
0.0 0.0 0.0 0.0 0.0 0.0 
0.0 0.0 0.0 0.0 0.0 0.0 
0.0 0.0 0.0 0.0 0.0 0.0 
0.0 0.0 0.0 0.0 0.0 0.0 
0.0 0.0 0.0 0.0 0.0 0.0 
0.0 0.0 0.0 0.0 0.0 0.0 
0.0 0.0 0.0 0.0 0.0 0.0 
0.0 0.0 0.0 0.0 0.0 0.0 
0.0 0.0 0.0 0.0 0.0 0.0 
0.0 0.0 0.0 0.0 0.0 0.0 
0.0 0.0 0.0 0.0 0.0 0.0 
0.0 0.0 0.0 0.0 0.0 0.0 
0.0 0.0 0.0 0.0 0.0 0.0 
0.0 0.0 0.0 0.0 0.0 0.0 
0.0 0.0 0.0 0.7 0.0 0.0 
0.0 0.0 1.1 6.9 0.0 0.0 
12.8 25.6 0.0 9.2 0.0 0.0 
1.1 12.9 1.3 27.7 0.0 0.0 
4.4 7.0 1.1 3.7 0.0 0.0 
0.0 3.0 0.0 0.2 0.0 0.0 
0.0 0.0 0.0 0.0 0.0 0.0 
0.0 0.0 0.0 0.0 0.0 0.0 
0.0 0.0 0.0 0.0 0.0 0.0 
0.0 0.0 0.0 0.0 0.0 0.0 
0.3 0.0 0.0 4.6 0.0 0.0 
0.0 0.0 0.0 0.0 0.0 0.0 
0.0 0.0 0.0 0.0 0.0 0.0 
0.0 0.0 0.0 0.0 0.0 0.0 
0.0 0.0 0.0 0.0 0.0 0.0 
0.0 0.0 0.0 0.0 0.0 0.0 
0.0 0.0 0.0 0.0 0.0 0.0 
0.0 0.0 0.0 0.0 0.0 0.0 
0.0 0.0 0.0 0.7 0.0 0.0 
0.0 0.0 0.0 0.0 0.0 0.0 
0.0 0.0 0.0 0.7 0.0 0.0 
0.0 0.0 0.0 0.7 0.0 0.0 
0.0 0.0 0.0 0.0 0.0 0.0 
0.0 0.0 0.0 0.0 0.0 0.0 
0.0 0.0 0.0 0.0 0.0 0.0 
0.0 0.0 0.0 0.0 0.0 0.0 
0.0 0.0 0.0 0.0 0.0 0.0 
0.0 0.0 0.0 0.0 0.0 0.0 
0.0 0.0 0.0 0.0 0.0 0.0 
0.0 0.0 0.0 0.0 0.0 0.0 
4.4 0.4 0.0 0.0 0.0 0.0 
14.1 12.0 0.0 0.0 0.0 0.0 
0.0 1.4 0.0 0.0 0.0 0.0 
0.0 0.0 0.0 0.0 0.0 0.0 
0.0 0.0 0.0 0.0 0.0 0.0 
0.0 0.0 0.0 0.0 0.0 0.0 
0.0 0.0 0.0 0.0 0.0 0.0 
0.0 0.0 0.0 0.0 0.0 0.0 
0.0 0.0 0.0 0.0 0.0 0.0 
0.0 0.0 0.0 0.0 0.0 0.0 
0.0 0.0 0.0 0.0 0.0 0.0 
0.0 11.9 0.0 0.0 0.0 0.0 
0.0 3.3 0.0 0.0 0.0 0.0 
0.0 0.0 0.0 0.0 0.0 0.0 
0.0 0.0 0.0 0.0 0.0 0.0 
0.0 0.0 0.0 0.0 0.0 0.0 
0.0 0.0 0.0 0.0 0.0 0.0 
0.0 0.0 0.0 0.0 0.0 0.0 
17.4 11.5 0.0 6.1 0.0 0.0 
0.0 0.0 0.0 0.0 0.0 0.0 
0.0 0.0 0.0 0.0 0.0 0.0 
0.0 0.0 0.0 0.0 0.0 0.0 
0.0 0.0 0.0 0.0 0.0 0.0 
0.0 0.0 0.0 0.0 0.0 0.0 
0.0 0.0 0.0 0.0 0.0 0.0 
0.0 0.0 0.0 0.0 0.0 0.0 
0.0 0.0 0.0 0.0 0.0 0.0 
0.0 0.0 0.0 0.0 0.0 0.0 
2.2 0.8 0.0 0.0 0.0 0.0 
0.0 0.0 0.0 0.0 0.0 0.0 
0.0 0.0 0.0 0.0 0.0 0.0 
9.5 4.2 0.0 0.0 0.0 0.0 
0.1 4.4 0.0 0.0 0.0 0.0 
7.9 13.9 0.0 0.0 0.0 0.0 
0.3 0.0 0.0 0.0 0.0 0.0 
0.0 0.8 0.0 0.0 0.0 0.0 
0.0 0.0 0.0 0.0 0.0 0.0 
0.0 0.0 0.0 0.0 0.0 0.0 
0.0 0.0 0.0 0.0 0.0 0.0 
0.0 0.0 0.0 0.0 0.0 0.0 
0.0 0.0 0.0 0.0 0.0 0.0 
0.0 0.0 0.0 0.0 0.0 0.0 
0.0 0.0 0.0 0.0 0.0 0.0 
0.0 0.0 0.0 0.0 0.0 0.0 
0.0 0.0 0.0 0.0 0.0 0.0 
0.0 0.0 0.0 0.0 0.0 0.0 
0.0 0.0 0.0 0.0 0.0 0.0 
0.0 0.0 0.0 0.0 0.0 0.0 
0.0 0.0 0.0 0.0 0.0 0.0 
0.0 0.0 0.0 0.0 0.0 0.0 
0.0 0.0 0.0 0.0 0.0 0.0 
0.0 0.0 0.0 0.0 0.0 0.0 
0.0 0.0 0.0 0.0 0.0 0.0 
0.0 0.0 0.0 0.0 0.0 0.0 
0.0 0.0 0.0 0.0 0.0 0.0 
0.0 0.0 0.0 4.2 0.0 0.0 
0.0 0.0 0.0 0.0 0.0 0.0 
0.0 0.0 0.0 0.0 0.0 0.0 
0.0 0.0 0.0 0.0 0.0 0.0 
0.0 0.0 0.0 0.0 0.0 0.0 
0.0 0.0 0.0 0.0 0.0 0.0 
0.0 0.0 0.0 0.0 0.0 0.0 
0.0 0.0 0.0 0.0 0.0 0.0 
0.0 0.0 0.0 0.0 0.0 0.0 
0.0 0.0 0.0 0.0 0.0 0.0 
0.0 0.0 0.0 0.0 0.0 0.0 
0.0 0.0 0.0 0.0 0.0 0.0 
0.0 0.0 0.0 0.0 0.0 0.0 
0.0 0.0 0.0 0.0 0.0 0.0 
0.0 0.0 0.0 0.0 0.0 0.0 
0.0 0.0 0.0 0.2 0.0 0.0 
2.1 0.0 0.0 6.5 0.0 0.0 
0.0 0.0 0.0 0.0 0.0 0.0 
0.0 0.0 0.0 0.0 0.0 0.0 
0.0 0.0 0.0 0.0 0.0 0.0 
0.0 0.0 0.0 0.0 0.0 0.0 
0.0 0.0 0.0 0.0 0.0 0.0 
0.0 0.0 0.0 0.0 0.0 0.0 
0.0 0.0 0.0 0.0 0.0 0.0 
0.0 0.0 0.0 0.0 0.0 0.0 
0.0 0.0 0.0 0.0 0.0 0.0 
0.0 0.0 0.0 0.0 0.0 0.0 
0.0 0.0 0.0 0.0 0.0 0.0 
0.0 0.0 0.0 0.0 0.0 0.0 
0.0 0.0 0.0 0.0 0.0 0.0 
1.3 0.0 0.0 0.0 0.0 0.0 
12.2 5.9 0.0 0.0 0.0 0.0 
0.0 2.2 0.0 0.0 0.0 0.0 
0.0 0.0 0.0 0.0 0.0 0.0 
0.0 0.0 0.0 0.0 0.0 0.0 
0.0 0.0 0.0 0.0 0.0 0.0 
0.0 0.0 0.0 0.0 0.0 0.0 
0.0 0.0 0.0 0.0 0.0 0.0 
0.1 0.6 0.0 1.9 0.0 0.0 
0.1 0.0 0.0 0.0 0.0 0.0 
0.0 0.0 0.0 6.8 0.0 0.0 
0.0 0.0 0.0 1.2 0.0 0.0 
0.0 0.0 0.0 3.5 0.0 0.0 
0.4 1.2 0.0 0.3 0.0 0.0 
9.8 0.0 0.0 0.7 0.0 0.0 
0.0 0.0 0.0 3.1 0.0 0.0 
7.8 0.8 0.0 0.0 0.0 0.0 
4.4 19.6 0.0 0.8 0.0 0.0 
22.3 1.2 0.0 1.3 0.0 0.0 
2.4 0.1 0.0 14.5 0.0 0.0 
0.7 5.4 0.0 4.3 0.0 0.0 
0.0 0.0 0.0 6.8 0.0 0.0 
6.4 3.7 0.0 0.0 0.0 0.0 
0.0 0.0 0.0 0.0 0.0 0.0 
0.0 0.0 0.0 0.0 0.0 0.0 
0.0 0.0 0.0 0.0 0.0 0.0 
0.0 0.0 0.0 0.0 0.0 0.0 
0.0 0.0 0.0 0.0 0.0 0.0 
0.0 0.0 0.0 0.0 0.0 0.0 
0.0 0.0 0.0 0.0 0.0 0.0 
9.2 0.5 0.0 0.7 0.0 0.0 
0.0 0.0 0.0 0.4 0.0 0.0 
23.5 3.8 0.0 0.0 0.0 0.0 
0.0 0.0 0.0 0.0 0.0 0.0 
0.0 0.0 0.0 0.0 0.0 0.0 
2.8 14.6 0.0 0.0 0.0 0.0 
4.7 16.9 0.0 1.4 0.0 0.0 
8.7 43.4 0.0 0.0 0.0 0.0 
18.3 43.1 0.0 0.0 0.0 0.0 
27.9 0.0 0.0 0.0 0.0 0.0 
6.7 0.2 6.8 14.1 3.1 0.0 
19.4 5.8 0.7 2.3 1.0 0.0 
1.0 16.9 0.0 3.6 0.0 0.0 
2.3 9.4 0.0 0.0 0.0 0.0 
0.0 0.4 0.0 0.0 0.0 0.0 
0.0 0.0 0.0 0.0 0.0 0.0 
0.0 0.0 0.0 0.0 0.0 0.0 
0.0 0.0 0.0 4.8 0.0 0.0 
0.0 0.0 0.0 0.0 0.0 0.0 
0.0 0.0 0.0 0.0 0.0 0.0 
0.0 0.0 0.0 0.0 0.0 0.0 
0.0 0.0 0.0 0.0 0.0 0.0 
0.0 0.0 0.0 0.0 0.0 0.0 
0.0 0.0 0.0 0.0 0.0 0.0 
24.5 13.0 0.0 0.0 0.0 0.0 
0.0 0.0 0.0 3.9 0.0 0.0 
31.6 7.9 0.0 3.6 0.0 0.0 
9.5 0.0 1.6 11.4 0.0 0.0 
0.0 0.0 2.1 5.0 0.0 0.0 
8.2 18.1 1.0 0.2 0.0 0.0 
19.7 15.6 0.0 5.1 0.0 0.0 
5.6 0.0 0.0 0.0 0.0 0.0 
0.0 1.8 0.0 0.0 0.0 0.0 
0.2 0.3 0.5 0.0 0.0 0.0 
38.7 19.2 0.2 4.4 0.0 0.0 
34.1 36.0 0.0 5.9 0.0 0.0 
53.4 49.9 0.0 0.0 0.0 0.0 
0.7 37.0 0.5 3.5 0.0 0.0 
2.4 17.9 3.2 3.1 0.0 0.0 
2.9 15.6 3.6 1.3 0.0 0.0 
51.5 42.6 12.5 3.8 0.0 0.0 
35.6 29.9 29.3 4.6 0.0 0.0 
0.0 33.8 4.8 0.0 0.0 0.0 
1.8 7.6 21.5 8.8 0.0 0.0 
1.0 6.0 10.3 7.8 0.1 0.0 
0.6 20.8 12.2 1.0 0.0 0.0 
3.2 35.6 0.0 0.1 0.0 0.0 
8.0 2.9 4.3 0.0 4.5 0.0 
0.4 3.0 8.8 0.0 7.2 0.0 
7.9 0.1 35.4 8.2 0.0 0.0 
0.0 0.0 1.8 0.9 0.0 0.0 
0.2 0.0 16.4 0.0 0.1 0.0 
3.0 1.7 0.0 0.0 0.0 0.0 
4.2 40.5 0.9 3.0 0.0 0.0 
3.7 3.5 13.0 8.1 0.0 0.0 
0.0 11.4 0.0 4.0 0.0 0.0 
0.6 0.0 1.2 0.4 0.0 0.0 
33.0 103.3 10.1 5.2 0.5 0.0 
14.4 14.1 46.1 13.7 0.7 0.0 
4.2 5.2 2.6 1.9 5.1 5.0 
2.5 0.0 15.7 0.0 1.9 0.0 
0.0 0.9 10.1 0.0 25.3 18.0 
29.4 16.4 14.0 0.2 1.0 39.5 
4.3 14.1 1.4 0.0 0.0 43.5 
18.1 9.6 24.9 1.3 11.1 28.0 
14.6 28.6 22.9 22.9 0.0 25.0 
33.4 46.5 7.9 10.4 44.1 38.3 
6.6 35.1 59.5 16.2 14.1 0.0 
2.4 6.1 22.5 3.1 6.7 0.0 
4.6 1.2 13.8 5.4 0.3 0.0 
6.8 19.7 0.0 0.0 0.5 2.0 
22.0 1.1 1.8 0.0 14.8 0.0 
12.9 1.8 22.1 1.9 6.3 19.0 
32.5 10.8 41.3 18.0 6.6 0.0 
88.0 18.2 8.0 14.2 63.2 10.0 
5.4 11.3 7.3 1.6 0.7 21.0 
0.8 0.0 0.0 0.0 0.0 0.0 
20.5 1.8 18.2 0.5 3.1 0.0 
1.3 12.1 7.8 22.5 3.7 0.0 
2.0 8.2 20.5 3.4 61.1 18.0 
10.8 2.3 13.1 4.2 5.3 5.0 
15.2 7.4 12.0 9.4 4.7 0.0 
7.8 1.7 3.8 9.6 20.4 0.0 
5.2 2.6 3.5 24.7 14.9 9.0 
36.1 149.7 17.5 28.6 77.9 0.0 
24.4 1.4 27.1 30.2 24.7 68.5 
0.7 0.5 14.0 15.9 6.2 10.3 
7.7 2.1 19.7 6.9 2.4 0.0 
3.5 1.8 5.1 3.4 0.0 0.0 
3.8 3.4 18.1 13.0 2.3 0.0 
4.8 1.4 3.2 0.1 1.1 1.7 
0.7 18.1 8.1 0.0 27.5 0.0 
9.6 9.7 5.2 0.2 0.9 37.3 
5.8 5.6 4.7 5.2 40.0 0.0 
3.0 5.0 0.9 5.4 6.1 21.6 
47.1 7.3 19.9 4.8 12.5 4.0 
4.8 7.0 15.4 3.1 20.3 32.1 
0.0 2.9 1.6 1.1 52.0 2.0 
0.5 1.4 6.5 0.7 26.7 11.0 
0.0 1.3 0.2 0.0 15.1 65.0 
0.3 0.6 17.4 0.6 4.0 30.0 
0.0 0.0 4.5 0.0 136.8 5.0 
0.1 0.0 14.7 0.5 77.8 27.0 
7.8 2.9 40.4 6.9 0.0 45.0 
0.1 5.1 16.4 20.1 0.0 4.0 
2.0 6.3 41.6 39.4 24.3 10.0 
5.7 1.3 10.7 1.8 9.1 6.0 
1.4 1.0 8.2 0.0 1.1 4.0 
0.4 0.0 6.2 0.0 0.0 9.0 
0.0 0.5 0.0 0.0 0.0 0.0 
0.0 0.0 0.0 0.0 0.0 0.0 
40.0 47.5 13.8 5.7 1.8 0.0 
2.0 1.4 7.7 18.4 10.7 8.0 
0.5 0.8 34.7 2.7 6.3 19.0 
2.7 0.8 24.6 25.8 1.5 12.0 
11.7 18.4 2.5 0.2 4.9 0.0 
13.4 8.3 3.4 2.0 0.0 10.0 
7.7 1.4 16.2 15.2 52.3 48.0 
7.2 4.0 14.6 4.9 134.9 9.0 
8.3 17.3 6.9 4.0 18.6 40.0 
0.1 2.0 4.7 1.7 111.1 69.0 
0.0 0.0 1.7 0.0 6.5 52.0 
0.0 0.0 0.0 0.0 0.0 4.0 
0.0 0.0 1.7 0.0 0.0 0.0 
0.0 0.0 0.0 0.0 0.0 0.0 
0.0 0.0 0.0 0.3 0.0 0.0 
0.0 0.0 0.0 0.0 0.0 4.0 
0.0 0.0 0.0 0.0 0.0 0.0 
0.0 0.0 0.0 0.0 0.0 0.0 
0.0 0.0 0.0 0.0 0.0 0.0 
0.0 0.0 0.0 0.0 0.0 0.0 
0.0 0.0 0.0 0.0 0.0 0.0 
1.1 5.8 0.0 0.0 0.0 0.0 
22.1 22.7 0.0 0.0 0.0 0.0 
17.2 48.1 0.0 0.7 0.0 0.0 
5.2 42.3 0.0 2.1 0.0 0.0 
11.3 20.9 0.0 0.0 0.0 0.0 
2.6 4.1 0.0 0.0 0.0 0.0 
0.0 0.0 0.0 0.0 0.0 0.0 
0.0 0.0 0.0 0.0 0.0 0.0 
0.0 0.0 0.0 0.0 0.0 0.0 
1.2 6.3 0.0 0.0 0.0 0.0 
0.2 4.4 0.0 0.0 0.0 0.0 
0.1 3.7 0.0 0.0 0.0 0.0 
0.1 0.0 0.0 0.0 0.0 0.0 
1.1 2.1 0.0 0.0 0.0 0.0 
0.0 0.0 0.0 0.0 0.0 0.0 
4.3 0.5 3.0 1.0 0.0 0.0 
8.6 5.4 0.0 1.3 0.0 0.0 
0.0 0.0 0.0 4.3 0.0 0.0 
0.0 0.0 6.8 0.0 0.0 0.0 
11.6 12.1 1.1 2.6 0.0 0.0 
1.3 0.2 1.1 0.0 0.0 0.0 
0.0 0.0 0.9 0.6 0.0 0.0 
0.0 0.0 0.0 0.0 0.0 0.0 
0.0 3.9 0.0 0.0 0.0 0.0 
0.0 0.0 0.0 0.0 0.0 0.0 
1.8 0.0 0.0 3.5 0.0 0.0 
0.8 3.5 0.0 0.7 0.0 0.0 
1.4 9.1 0.0 0.0 0.0 0.0 
0.4 4.6 0.0 0.0 0.0 0.0 
0.0 0.0 0.0 0.0 0.0 0.0 
0.0 0.0 0.0 0.0 0.0 0.0 
0.0 0.0 0.0 0.0 0.0 0.0 
0.0 0.0 0.0 0.0 0.0 0.0 
0.0 0.0 0.0 0.0 0.0 0.0 
0.0 0.0 0.0 0.0 0.0 0.0 
0.0 0.0 0.0 0.0 0.0 0.0 
0.0 0.0 0.0 0.0 0.0 0.0 
0.0 0.0 0.0 0.0 0.0 0.0 
0.0 0.0 0.0 0.0 0.0 0.0 
0.0 0.0 0.0 0.0 0.0 0.0 
0.0 0.0 0.0 0.0 0.0 0.0 
0.0 0.0 0.0 0.0 0.0 0.0 
0.0 0.0 0.0 0.0 0.0 0.0 
0.0 0.0 0.0 0.0 0.0 0.0 
0.0 0.0 0.0 0.0 0.0 0.0 
0.0 0.0 0.0 0.0 0.0 0.0 
0.0 0.0 0.0 0.0 0.0 0.0 
0.0 0.0 0.0 0.0 0.0 0.0 
0.0 0.0 0.0 0.0 0.0 0.0 
0.0 0.0 0.0 0.0 0.0 0.0 
0.0 0.0 0.0 0.0 0.0 0.0 
0.0 0.0 0.0 0.0 0.0 0.0 
0.0 0.0 0.0 0.0 0.0 0.0 
0.0 0.0 0.0 0.0 0.0 0.0 
0.0 0.0 0.0 0.0 0.0 0.0 
0.0 0.0 0.0 0.0 0.0 0.0 
0.0 0.2 0.0 0.0 0.0 0.0 
0.0 0.0 0.0 0.0 0.0 0.0 
0.0 0.0 0.0 0.0 0.0 0.0 
0.0 0.0 0.0 0.0 0.0 0.0 
1.0 0.0 0.0 0.0 0.0 0.0 
0.0 0.0 0.0 8.8 0.0 0.0 
0.0 1.0 0.0 0.0 0.0 0.0 
0.0 0.0 0.0 0.0 0.0 0.0 
0.0 0.0 0.0 0.0 0.0 0.0 
0.0 0.0 0.0 0.0 0.0 0.0 
0.0 0.0 0.0 0.0 0.0 0.0 
0.0 0.0 0.0 0.0 0.0 0.0 
0.0 0.0 0.0 0.0 0.0 0.0 
0.0 0.0 0.0 0.0 0.0 0.0 
0.0 0.0 0.0 0.0 0.0 0.0 
0.0 0.0 0.0 0.0 0.0 0.0 
0.0 0.0 0.0 0.0 0.0 0.0 
0.0 0.0 0.0 0.0 0.0 0.0 
0.0 0.0 0.0 0.0 0.0 0.0 
0.0 0.0 0.0 0.0 0.0 0.0 
0.0 0.0 0.0 0.0 0.0 0.0 
0.0 0.0 0.0 0.0 0.0 0.0 
0.0 0.0 0.0 0.0 0.0 0.0 
0.0 0.0 0.0 0.0 0.0 0.0 
0.0 0.0 0.0 0.0 0.0 0.0 
0.0 0.0 0.0 0.0 0.0 0.0 
0.0 0.0 0.0 0.0 0.0 0.0 
0.0 0.0 0.0 0.0 0.0 0.0 
0.0 0.0 0.0 0.0 0.0 0.0 
0.0 0.0 0.0 0.0 0.0 0.0 
0.0 0.0 0.0 0.0 0.0 0.0 
0.0 0.0 0.0 0.0 0.0 0.0 
0.0 0.0 0.0 0.0 0.0 0.0 
0.0 0.0 0.0 0.0 0.0 0.0 
0.0 0.0 0.0 0.0 0.0 0.0 
0.0 0.0 0.0 0.0 0.0 0.0 
0.0 0.0 0.0 0.0 0.0 0.0 
0.0 0.0 0.0 0.0 0.0 0.0 
0.0 0.0 0.0 0.0 0.0 0.0 
0.0 0.0 0.0 0.0 0.0 0.0 
0.0 0.0 0.0 0.0 0.0 0.0 
0.0 0.0 0.0 0.0 0.0 0.0 
0.0 0.0 0.0 0.0 0.0 0.0 
0.0 0.0 0.0 0.0 0.0 0.0 
0.0 0.0 0.0 0.0 0.0 0.0 
0.0 0.0 0.0 0.0 0.0 0.0 
0.0 0.0 0.0 0.0 0.0 0.0 
0.0 0.0 0.0 0.0 0.0 0.0 
0.0 0.0 0.0 0.0 0.0 0.0 
0.0 0.0 0.0 0.0 0.0 0.0 
0.0 0.0 0.0 0.0 0.0 0.0 
0.0 0.0 0.0 0.0 0.0 0.0 
0.0 0.1 0.0 0.0 0.0 0.0 
0.0 0.0 0.0 0.0 0.0 0.0 
0.2 1.0 0.0 0.0 0.0 0.0 
0.0 0.0 0.0 0.0 0.0 0.0 
0.0 0.0 0.0 0.0 0.0 0.0 
0.0 0.0 0.0 0.0 0.0 0.0 
0.0 0.0 0.0 0.0 0.0 0.0 
0.0 0.0 0.0 0.0 0.0 0.0 
0.0 0.0 0.0 0.0 0.0 0.0 
0.0 0.0 0.0 0.0 0.0 0.0 
0.0 0.0 0.0 0.0 0.0 0.0 
0.0 0.0 0.0 0.0 0.0 0.0 
0.0 0.0 0.0 0.0 0.0 0.0 
0.0 0.0 0.0 0.0 0.0 0.0 
0.0 0.0 0.0 0.0 0.0 0.0 
0.0 0.0 0.0 0.0 0.0 0.0 
0.0 0.0 0.0 0.0 0.0 0.0 
0.0 0.0 0.0 0.0 0.0 0.0 
0.0 0.0 0.0 0.0 0.0 0.0 
0.0 0.0 0.0 0.0 0.0 0.0 
0.0 0.0 0.0 0.0 0.0 0.0 
0.0 0.0 0.0 0.0 0.0 0.0 
0.8 0.0 0.0 0.0 0.0 0.0 
0.0 0.0 0.0 0.0 0.0 0.0 
0.0 0.0 0.0 0.0 0.0 0.0 
0.0 0.0 0.0 0.0 0.0 0.0 
0.0 0.0 0.0 0.0 0.0 0.0 
0.0 0.0 0.0 0.0 0.0 0.0 
0.0 0.0 0.0 0.0 0.0 0.0 
0.0 0.0 0.0 0.0 0.0 0.0 
0.0 0.0 0.0 0.0 0.0 0.0 
0.0 0.0 0.0 0.0 0.0 0.0 
0.0 0.0 0.0 0.0 0.0 0.0 
0.0 0.0 0.0 0.0 0.0 0.0 
0.0 0.0 0.0 0.0 0.0 0.0 
0.0 0.0 0.0 0.0 0.0 0.0 
0.0 0.0 0.0 0.0 0.0 0.0 
0.0 0.0 0.0 0.0 0.0 0.0 
0.0 0.0 0.0 0.0 0.0 0.0 
0.0 0.0 0.0 0.0 0.0 0.0 
0.0 0.5 0.0 0.0 0.0 0.0 
0.0 0.5 0.0 0.0 0.0 0.0 
0.0 0.0 0.0 0.0 0.0 0.0 
0.0 1.6 0.0 0.0 0.0 0.0 
0.0 0.0 0.0 0.0 0.0 0.0 
0.0 0.0 0.0 0.0 0.0 0.0 
0.0 0.0 0.0 0.0 0.0 0.0 
0.0 0.0 0.0 0.0 0.6 0.0 
0.0 0.0 0.6 1.7 0.0 0.0 
0.0 0.0 0.0 5.4 18.7 0.0 
0.0 0.0 5.7 5.4 1.1 0.0 
0.0 0.0 13.6 9.5 0.0 0.0 
0.0 0.0 0.0 0.5 0.0 0.0 
0.0 0.0 0.0 0.0 0.0 0.0 
0.0 0.0 0.0 0.0 0.0 0.0 
0.0 0.0 0.0 0.0 0.0 0.0 
0.0 0.0 0.0 0.0 0.0 0.0 
0.0 0.0 0.0 0.0 0.0 0.0 
0.0 0.0 0.0 0.0 0.0 0.0 
0.0 0.0 0.0 0.0 0.0 0.0 
0.0 0.0 0.0 0.0 0.0 0.0 
1.3 0.0 0.0 0.0 0.0 0.0 
0.0 0.0 0.0 0.0 0.0 0.0 
0.0 0.0 0.0 0.0 0.0 0.0 
0.0 0.0 0.0 0.0 0.0 0.0 
0.0 0.0 0.0 0.0 0.0 0.0 
0.0 0.0 0.0 0.0 0.0 0.0 
0.0 0.0 0.0 0.0 0.0 0.0 
0.0 0.0 0.0 0.0 0.0 0.0 
0.0 0.0 0.0 0.0 0.0 0.0 
0.0 0.0 0.0 0.0 0.0 0.0 
0.0 0.0 0.0 0.0 0.0 0.0 
5.5 0.2 0.0 0.0 0.0 0.0 
0.2 1.7 0.0 0.0 0.0 0.0 
36.2 2.5 0.0 4.3 0.0 0.0 
2.7 39.2 0.0 2.7 0.0 0.0 
3.6 22.1 0.0 0.4 0.0 0.0 
0.0 0.0 0.0 0.0 0.0 0.0 
0.0 0.0 0.0 0.0 0.0 0.0 
0.0 0.0 0.0 0.0 0.0 0.0 
0.0 0.0 0.0 0.0 0.0 0.0 
0.0 0.0 0.0 0.0 0.0 0.0 
0.0 0.0 0.0 0.0 0.0 0.0 
0.0 0.0 0.0 0.0 0.0 0.0 
0.0 0.0 0.0 0.0 0.0 0.0 
0.3 0.0 0.0 0.0 0.0 0.0 
0.0 0.0 0.0 0.0 0.0 0.0 
12.5 0.0 0.0 0.0 0.0 0.0 
13.4 3.2 0.2 0.6 0.0 0.0 
17.3 21.1 0.0 4.2 0.0 0.0 
0.0 19.5 0.0 0.2 0.0 0.0 
0.0 0.0 0.0 0.3 0.0 0.0 
0.0 0.0 0.0 0.0 0.0 0.0 
9.9 23.0 0.2 2.9 0.0 0.0 
0.6 0.3 0.0 0.0 0.0 0.0 
0.0 0.0 0.0 0.0 0.0 0.0 
0.0 1.5 0.0 0.0 0.0 0.0 
0.0 0.0 0.0 0.0 0.0 0.0 
0.0 0.0 0.0 0.0 0.0 0.0 
0.0 0.0 0.0 0.0 0.0 0.0 
0.0 0.0 0.0 0.0 0.0 0.0 
3.8 0.0 0.0 0.0 0.0 0.0 
0.5 0.0 0.0 0.0 0.0 0.0 
0.8 0.5 0.0 0.0 0.0 0.0 
12.4 14.3 0.0 0.0 0.0 0.0 
13.8 2.3 0.0 2.9 0.0 0.0 
2.4 0.0 0.0 0.0 0.0 0.0 
0.0 0.0 0.0 0.0 0.0 0.0 
0.7 0.0 0.0 0.0 0.0 0.0 
5.2 9.7 0.0 2.3 0.0 0.0 
0.6 22.1 0.0 0.0 0.0 0.0 
0.0 0.4 0.0 0.0 0.0 0.0 
0.0 3.0 0.0 0.0 0.0 0.0 
0.0 0.0 0.0 0.0 0.0 0.0 
0.0 0.0 0.0 0.0 0.0 0.0 
0.0 0.0 0.0 0.0 0.0 0.0 
0.0 0.0 0.0 0.0 0.0 0.0 
0.0 0.0 0.0 0.0 0.0 0.0 
0.0 0.0 0.0 0.0 0.0 0.0 
0.0 0.0 0.0 0.0 0.0 0.0 
52.2 7.4 0.0 0.1 0.0 0.0 
2.8 9.0 0.0 0.2 0.0 0.0 
0.0 0.2 0.0 0.0 0.0 0.0 
0.2 0.1 0.0 0.0 0.0 0.0 
0.0 1.6 0.0 0.0 0.0 0.0 
0.0 0.1 0.0 0.0 0.0 0.0 
0.0 0.5 0.0 0.0 0.0 0.0 
1.0 0.0 0.0 0.0 0.0 0.0 
2.6 0.5 0.0 0.0 0.0 0.0 
37.1 8.2 0.0 0.0 0.0 0.0 
0.2 3.1 0.0 0.1 0.0 0.0 
0.7 0.4 0.0 0.0 0.0 0.0 
5.5 0.0 0.0 0.0 0.0 0.0 
0.5 0.0 0.0 1.2 0.0 0.0 
1.0 0.0 0.0 0.0 0.0 0.0 
5.4 0.0 1.2 3.5 0.0 0.0 
3.4 25.9 0.0 0.4 0.0 0.0 
15.4 2.1 0.0 0.0 13.4 0.0 
14.7 4.6 0.0 0.0 0.6 0.0 
1.3 21.6 10.4 0.1 0.0 0.0 
5.8 0.3 0.0 1.2 0.0 0.0 
0.3 35.3 0.0 0.0 0.0 0.0 
0.0 0.0 0.0 0.2 0.3 0.0 
10.3 2.9 4.7 2.5 0.4 0.0 
0.0 0.0 0.0 0.3 0.0 0.0 
0.0 0.0 0.3 0.0 0.0 0.0 
0.0 9.9 1.0 4.4 0.0 0.0 
7.7 0.0 0.5 4.6 0.0 0.0 
4.9 23.1 0.0 9.3 0.0 0.0 
0.0 0.0 0.4 15.9 0.0 0.0 
14.9 0.5 0.9 10.0 0.0 0.0 
0.0 0.3 0.2 9.8 0.0 0.0 
35.7 32.1 3.0 0.4 0.0 0.0 
0.0 0.5 2.2 10.2 0.0 0.0 
0.0 0.4 0.0 0.0 0.0 0.0 
0.4 4.9 0.2 6.9 0.0 23.0 
14.2 3.3 0.0 0.6 0.2 0.0 
30.5 16.7 0.0 0.0 1.6 0.0 
39.2 27.7 0.0 1.8 14.8 0.0 
96.6 27.6 17.3 4.2 0.3 0.0 
7.8 26.2 1.3 9.6 1.4 0.0 
0.6 0.0 4.4 13.1 0.0 0.0 
31.5 0.5 0.0 2.2 0.5 0.0 
9.1 17.9 2.4 0.3 0.1 0.0 
41.2 42.9 29.1 36.7 0.0 37.0 
29.0 18.1 22.7 6.2 1.3 21.0 
18.0 2.6 13.2 2.0 1.0 0.0 
7.9 36.4 36.5 37.9 0.0 0.0 
0.7 0.4 1.6 30.3 21.1 0.0 
19.2 9.8 0.0 5.2 0.4 0.0 
0.7 0.0 4.1 1.8 0.0 0.0 
4.0 0.3 0.0 0.2 14.9 0.0 
6.3 14.0 3.6 0.0 0.0 0.0 
0.0 0.0 0.0 0.0 20.0 0.0 
41.0 5.7 3.6 1.8 1.2 0.0 
0.0 1.3 1.4 0.0 0.0 0.0 
0.3 2.5 0.6 0.0 4.1 0.0 
1.8 13.5 32.8 14.2 28.7 40.0 
62.1 0.0 55.1 11.5 41.2 0.0 
3.8 1.7 11.2 16.8 4.5 0.0 
8.7 10.1 15.2 5.3 0.0 0.0 
20.8 1.8 35.4 4.9 6.1 0.0 
3.3 59.0 31.1 5.2 0.0 0.0 
6.2 0.1 8.6 7.5 0.2 0.0 
14.6 4.5 7.7 0.9 2.0 0.0 
11.8 8.4 1.4 0.8 1.5 0.0 
64.5 29.2 19.3 10.2 6.7 0.0 
31.6 85.3 8.9 37.8 9.2 0.0 
5.2 6.4 1.8 0.3 0.8 0.0 
6.5 0.1 0.0 0.0 0.0 0.0 
1.2 0.0 0.0 0.0 0.0 0.0 
0.0 1.7 0.0 0.0 0.0 0.0 
0.0 0.2 1.5 0.0 0.0 0.0 
0.0 0.7 0.0 0.0 0.2 0.0 
9.2 13.8 0.7 0.0 0.0 0.0 
74.4 27.1 3.6 4.2 33.1 0.0 
15.4 10.2 4.8 17.1 4.3 0.0 
0.8 0.0 7.3 0.7 1.6 0.0 
1.2 4.8 6.6 0.0 0.8 0.0 
7.1 35.3 5.2 2.0 16.5 0.0 
0.2 13.0 5.9 0.0 14.8 0.0 
0.4 4.4 5.4 0.0 0.0 0.0 
1.3 1.3 0.3 2.5 22.3 0.0 
3.0 6.0 3.0 2.5 20.7 9.5 
7.5 3.0 5.3 8.5 2.5 3.0 
2.0 4.2 13.6 6.5 61.5 2.3 
5.6 13.5 16.6 3.4 15.7 3.3 
6.9 28.6 3.9 1.0 23.5 25.3 
0.9 9.2 1.1 2.0 2.4 0.6 
0.3 0.0 0.0 0.0 0.3 0.0 
0.0 0.0 0.5 0.0 0.8 1.4 
0.2 23.9 0.0 0.2 0.3 0.7 
4.2 5.8 0.0 0.0 0.0 0.0 
253.0 27.1 0.0 0.0 0.0 0.0 
60.1 73.4 0.0 0.3 0.0 0.0 
6.7 6.8 0.9 13.0 0.0 0.0 
48.3 18.8 6.5 8.5 0.0 0.0 
14.5 1.1 1.2 6.4 4.7 0.2 
0.7 5.5 2.5 2.7 17.8 3.9 
1.7 11.9 14.2 3.1 21.7 50.5 
11.3 0.5 18.3 2.0 17.5 16.8 
10.6 21.5 19.0 4.3 2.2 68.5 
5.7 6.1 30.4 20.1 19.5 25.1 
4.8 0.4 16.5 4.7 0.2 8.7 
0.0 8.8 4.6 8.0 0.0 0.0 
0.0 14.9 14.5 0.0 0.0 0.0 
0.1 4.6 0.1 0.0 0.0 0.0 
11.5 18.6 0.0 1.7 0.0 0.0 
7.5 0.8 2.5 0.0 0.0 0.0 
3.9 56.7 1.5 8.7 0.0 0.0 
0.0 1.2 4.9 6.8 13.4 0.0 
0.0 0.3 3.1 26.1 0.3 0.2 
0.2 0.0 5.3 0.0 1.5 0.4 
6.0 8.7 0.2 6.7 5.6 0.5 
14.9 16.5 22.0 5.0 0.8 25.0 
1.8 22.8 5.8 4.8 10.7 12.0 
14.5 1.5 28.3 4.5 0.0 8.0 
17.2 26.5 34.5 2.5 1.5 0.0 
15.5 2.9 14.3 6.6 8.0 11.0 
8.7 11.8 3.1 13.9 3.2 0.0 
12.5 15.1 9.5 33.9 6.4 76.0 
23.6 7.2 13.2 19.2 80.3 10.0 
10.2 7.7 4.5 16.0 153.2 82.0 
1.6 1.4 0.0 0.3 11.4 39.0 
0.0 5.5 1.2 0.0 8.3 8.0 
0.6 9.5 2.5 0.2 1.1 0.0 
127.1 63.3 5.3 0.4 2.0 0.0 
97.8 96.0 32.2 2.6 0.2 0.0 
2.4 19.1 154.4 75.0 39.3 0.0 
3.4 0.5 13.9 8.5 107.0 21.0 
1.5 5.6 1.4 10.8 151.4 91.0 
0.0 0.0 0.0 0.0 14.6 3.0 
0.0 0.0 0.0 0.0 0.5 0.0 
6.1 48.9 0.8 0.6 0.1 0.0 
16.3 6.1 0.8 1.3 0.5 0.0 
5.4 0.1 7.4 0.1 2.4 14.0 
10.8 2.4 15.0 0.7 8.9 0.0 
25.8 11.0 3.2 16.3 4.4 0.0 
6.0 8.0 19.0 20.2 4.5 3.0 
5.2 5.4 34.4 38.0 3.2 51.0 
0.0 0.0 10.5 40.6 4.7 33.0 
40.8 10.7 11.1 17.5 3.0 0.0 
27.7 2.0 8.2 2.4 2.6 0.0 
24.6 26.8 4.7 4.3 0.5 20.0 
25.9 0.1 3.1 2.3 0.0 0.0 
3.4 7.4 0.0 1.4 0.0 0.0 
0.0 44.0 0.0 0.0 0.0 0.0 
0.0 0.0 0.0 0.0 0.0 0.0 
1.0 0.9 0.0 0.0 0.0 0.0 
0.0 0.0 0.0 0.0 0.0 0.0 
0.0 0.5 0.0 0.0 0.0 0.0 
5.9 10.7 1.7 20.4 0.0 0.0 
3.2 7.8 11.0 10.2 0.0 0.0 
0.0 0.0 0.0 11.6 0.0 0.0 
0.0 5.7 0.0 0.1 0.0 0.0 
4.1 2.4 3.1 0.0 0.0 0.0 
0.2 5.1 13.7 20.0 0.0 0.0 
0.5 18.3 5.3 6.2 0.0 0.0 
12.1 10.4 0.0 0.4 0.0 0.0 
9.1 3.0 0.0 17.4 0.0 0.0 
0.0 0.0 0.0 0.0 0.0 0.0 
0.0 2.2 0.0 0.0 0.0 0.0 
11.0 16.9 0.0 0.0 0.0 0.0 
7.2 5.8 0.0 0.0 0.0 0.0 
0.1 26.5 0.0 0.0 0.0 0.0 
0.0 0.0 0.0 0.0 0.0 0.0 
0.0 0.0 0.0 0.0 0.0 0.0 
0.0 0.0 0.0 0.0 0.0 0.0 
0.0 0.0 0.0 0.0 6.3 0.0 
0.0 0.0 0.0 0.0 0.0 0.0 
0.0 0.0 0.0 0.0 0.0 0.0 
0.0 0.0 0.0 0.0 0.0 0.0 
0.0 0.0 0.0 0.0 0.0 0.0 
0.0 0.0 0.0 0.0 0.2 0.0 
0.2 0.0 0.0 0.0 0.0 0.0 
7.3 21.7 0.0 0.0 0.0 0.0 
5.6 1.2 1.4 18.9 0.0 0.0 
2.8 0.8 0.0 6.7 0.0 0.0 
0.0 0.0 7.3 0.0 0.0 0.0 
0.0 0.0 0.0 0.0 0.0 0.0 
0.0 0.0 0.0 0.0 0.0 0.0 
0.0 0.0 0.0 0.0 0.0 0.0 
0.0 0.0 0.0 0.0 0.0 0.0 
0.0 0.0 0.0 0.0 0.0 0.0 
0.0 0.0 0.0 0.0 0.0 0.0 
0.0 0.0 0.0 0.0 0.0 0.0 
0.0 0.0 0.0 0.0 0.0 0.0 
0.0 0.0 0.0 0.0 0.0 0.0 
0.0 0.0 0.0 0.0 0.0 0.0 
0.0 0.0 0.0 0.0 0.0 0.0 
0.0 0.0 0.0 0.0 0.0 0.0 
0.0 0.0 0.0 0.0 0.0 0.0 
0.0 0.0 0.0 0.0 0.0 0.0 
0.0 0.0 0.0 0.0 0.0 0.0 
0.0 0.0 0.0 0.0 0.0 0.0 
0.0 0.0 0.0 0.0 0.0 0.0 
0.0 0.0 0.0 0.0 0.0 0.0 
0.0 0.0 0.0 0.0 0.0 0.0 
0.0 0.0 0.0 0.0 0.0 0.0 
0.0 0.0 0.0 0.0 0.0 0.0 
0.0 0.0 0.0 0.0 0.0 0.0 
0.0 0.0 0.0 0.0 0.0 0.0 
0.0 0.0 0.0 0.0 0.0 0.0 
0.0 0.0 0.0 0.0 0.0 0.0 
0.0 0.0 0.0 0.0 0.0 0.0 
0.0 0.0 0.0 0.0 0.0 0.0 
0.0 0.0 0.0 0.0 0.0 0.0 
0.0 0.0 0.0 0.0 0.0 0.0 
0.0 0.0 0.0 0.0 0.0 0.0 
0.0 0.0 0.0 0.0 0.0 0.0 
0.0 0.0 0.0 0.0 0.0 0.0 
0.0 0.0 0.0 0.0 0.0 0.0 
0.0 0.0 0.0 0.0 0.0 0.0 
0.0 0.0 0.0 0.0 0.0 0.0 
0.0 0.0 0.0 0.0 0.0 0.0 
0.0 0.0 0.0 0.0 0.0 0.0 
0.0 0.0 0.0 0.0 0.0 0.0 
0.0 0.0 0.0 0.0 0.0 0.0 
0.0 0.0 0.0 0.0 0.0 0.0 
0.0 0.0 0.0 0.0 0.0 0.0 
0.0 0.0 0.0 0.0 0.0 0.0 
0.0 0.0 0.0 0.0 0.0 0.0 
0.0 0.0 0.0 0.0 0.0 0.0 
0.0 0.0 0.0 0.0 0.0 0.0 
0.0 0.0 0.0 0.0 0.0 0.0 
0.0 0.0 0.0 0.0 0.0 0.0 
0.0 0.0 0.0 0.0 0.0 0.0 
0.0 0.0 0.0 0.0 0.0 0.0 
0.0 0.0 0.0 0.0 0.0 0.0 
0.0 0.0 0.0 0.0 0.0 0.0 
0.0 0.0 0.0 0.0 0.0 0.0 
0.0 0.0 0.0 0.0 0.0 0.0 
0.0 0.0 0.0 0.0 0.0 0.0 
0.0 0.0 0.0 0.0 0.0 0.0 
0.0 0.0 0.0 0.0 0.0 0.0 
0.0 0.0 0.0 0.0 0.0 0.0 
7.4 0.0 0.0 0.0 0.0 0.0 
16.8 0.0 0.0 0.0 0.0 0.0 
0.0 0.0 0.0 0.0 0.0 0.0 
0.0 0.0 0.0 0.0 0.0 0.0 
0.0 0.0 0.0 0.0 0.0 0.0 
0.0 0.0 0.0 0.0 0.0 0.0 
0.0 0.0 0.0 0.0 0.0 0.0 
0.0 0.0 0.0 0.0 0.0 0.0 
0.0 0.0 0.0 0.0 0.0 0.0 
0.0 0.0 0.0 0.0 0.0 0.0 
0.0 0.0 0.0 0.0 0.0 0.0 
0.0 0.0 0.0 0.0 25.1 0.0 
0.0 0.0 0.0 0.0 0.6 0.0 
0.0 0.0 0.0 0.0 0.0 0.0 
0.0 0.0 2.5 0.0 0.0 0.0 
8.1 1.0 6.6 12.9 0.0 0.0 
0.0 7.5 0.0 0.0 0.0 0.0 
0.0 0.0 0.0 0.0 0.0 0.0 
0.0 0.0 0.0 0.0 0.0 0.0 
0.0 0.0 0.0 0.0 0.0 0.0 
0.0 0.0 0.0 0.0 0.0 0.0 
0.0 0.0 0.0 0.0 0.0 0.0 
0.4 0.0 0.0 0.0 0.0 0.0 
0.0 0.0 0.0 0.0 0.0 0.0 
0.0 0.0 0.0 0.0 0.0 0.0 
0.0 0.0 0.0 0.0 0.0 0.0 
0.0 0.0 0.0 0.0 0.0 0.0 
0.0 0.0 0.0 0.0 0.0 0.0 
0.0 0.0 0.0 0.0 0.0 0.0 
0.0 0.0 0.0 0.0 0.0 0.0 
0.1 0.5 0.0 4.9 0.0 0.0 
2.9 9.1 0.0 0.0 0.0 0.0 
22.6 10.4 0.0 14.9 0.0 0.0 
12.1 4.5 0.0 0.0 0.0 0.0 
0.0 0.0 0.8 0.0 0.0 0.0 
0.0 0.0 0.6 0.0 0.0 0.0 
0.0 0.0 0.0 0.0 0.0 0.0 
0.0 0.0 0.0 0.0 19.3 0.0 
0.0 0.2 0.0 0.0 0.0 0.0 
0.0 1.0 0.0 0.3 0.0 9.0 
0.0 0.6 0.0 0.3 0.0 0.0 
0.0 0.0 0.0 0.0 0.0 0.0 
0.0 0.0 0.0 0.0 0.0 0.0 
0.3 0.1 0.0 0.0 0.1 0.0 
0.0 0.0 0.0 0.0 0.4 0.0 
6.4 12.9 0.0 2.5 0.0 0.0 
6.5 18.2 0.0 5.9 0.0 0.0 
0.0 0.0 0.0 0.0 0.0 0.0 
0.0 0.0 0.0 0.0 0.0 0.0 
0.0 0.0 0.0 0.0 0.0 0.0 
0.0 0.0 0.0 0.0 0.0 0.0 
0.0 0.0 0.0 0.7 0.0 0.0 
0.0 0.0 0.0 2.7 0.0 0.0 
0.0 0.0 0.0 0.0 0.0 0.0 
0.0 0.0 0.0 0.0 0.0 0.0 
0.0 0.0 0.0 0.0 0.0 0.0 
0.0 0.0 0.0 0.0 0.0 0.0 
0.0 0.0 0.0 0.0 0.0 0.0 
0.0 0.0 0.0 0.0 0.0 0.0 
0.0 0.0 0.0 0.0 0.0 0.0 
0.0 0.0 0.0 0.0 0.0 0.0 
0.0 0.0 0.0 0.0 0.0 0.0 
0.0 0.0 0.0 0.0 0.0 0.0 
0.0 0.0 0.0 0.0 0.0 0.0 
0.0 0.0 0.0 0.0 0.0 0.0 
0.0 0.0 0.0 0.0 0.0 0.0 
0.0 0.0 0.0 0.0 0.0 0.0 
0.0 0.0 0.0 0.0 0.0 0.0 
0.0 0.0 0.0 0.0 0.0 0.0 
0.0 0.0 0.0 0.0 0.0 0.0 
0.0 0.0 0.0 0.0 0.0 0.0 
0.0 0.0 0.0 0.0 0.0 0.0 
0.0 0.0 0.0 0.0 0.0 0.0 
0.0 0.0 0.0 0.0 0.0 0.0 
0.0 0.0 0.0 0.0 0.0 0.0 
0.0 0.0 0.0 0.0 0.0 0.0 
0.0 0.0 0.0 0.0 0.0 0.0 
0.0 0.0 0.0 0.0 0.0 0.0 
0.0 0.0 0.0 0.0 0.0 0.0 
0.0 0.0 0.0 0.0 0.0 0.0 
0.0 0.0 0.0 0.0 0.0 0.0 
0.0 0.0 0.0 0.0 0.0 0.0 
0.2 0.0 0.0 0.0 0.0 0.0 
0.0 0.0 0.0 0.0 0.0 0.0 
0.0 0.0 0.0 0.0 0.0 0.0 
12.8 17.8 0.0 0.0 0.0 0.0 
0.0 0.0 0.0 0.0 0.0 0.0 
0.0 0.0 0.0 0.0 0.0 0.0 
0.4 1.5 0.0 0.0 0.0 0.0 
0.0 0.0 0.0 0.0 0.0 0.0 
0.0 0.4 0.0 0.0 0.0 0.0 
1.3 3.7 0.0 0.0 0.0 0.0 
17.9 23.1 0.0 0.7 0.0 0.0 
34.5 0.0 0.0 0.0 0.0 0.0 
0.0 0.6 0.0 0.0 0.0 0.0 
22.7 0.0 0.0 0.0 0.0 0.0 
0.0 0.0 0.0 0.0 9.8 0.0 
0.0 0.0 0.0 0.0 0.7 0.0 
0.0 0.0 0.0 0.0 0.0 0.0 
0.0 0.0 0.0 0.0 0.0 0.0 
0.0 0.0 0.0 0.0 0.0 0.0 
0.0 0.0 0.0 0.0 0.0 0.0 
0.0 0.0 0.0 0.0 0.0 0.0 
0.0 0.0 0.0 0.0 14.0 0.0 
0.0 0.0 0.0 0.0 0.0 0.0 
0.0 0.2 0.0 1.6 0.0 0.0 
2.2 0.4 0.0 1.7 0.0 0.0 
11.1 10.7 0.0 3.3 0.0 0.0 
0.2 3.2 0.0 0.0 0.0 0.0 
0.0 7.3 0.0 0.0 0.0 0.0 
0.2 0.0 0.0 0.0 0.0 0.0 
0.4 0.7 0.0 0.0 0.0 0.0 
16.0 7.4 0.0 0.0 0.0 0.0 
0.0 0.0 0.0 0.0 0.0 0.0 
7.8 0.3 0.0 0.0 0.0 0.0 
6.2 3.5 0.0 0.0 0.0 0.0 
0.0 0.0 0.0 0.0 0.0 0.0 
2.9 0.7 0.0 0.0 0.0 0.0 
0.0 0.0 0.0 0.0 0.0 0.0 
0.0 0.0 0.0 0.2 0.0 0.0 
0.0 0.0 0.0 3.6 0.0 0.0 
0.0 1.0 0.0 0.0 0.0 0.0 
0.0 0.0 0.0 0.0 0.0 0.0 
0.0 0.0 0.0 0.0 0.0 0.0 
0.0 0.0 0.0 0.0 0.0 0.0 
0.0 0.0 0.0 0.0 0.0 0.0 
0.0 0.0 0.0 0.0 0.0 0.0 
0.6 0.3 0.0 0.0 0.0 0.0 
5.5 11.8 0.0 0.0 0.0 0.0 
21.7 1.1 0.0 0.0 0.0 0.0 
4.5 0.0 0.0 12.6 0.0 0.0 
0.0 0.0 0.0 0.0 0.0 0.0 
0.0 0.0 0.0 0.0 0.0 0.0 
0.2 0.0 0.0 0.0 0.0 0.0 
0.0 0.0 0.0 0.0 0.0 0.0 
0.0 0.0 0.0 0.0 0.0 0.0 
0.0 0.0 0.0 0.0 0.0 0.0 
9.8 24.2 0.0 0.4 0.0 0.0 
12.0 13.1 0.0 0.0 0.0 0.0 
3.3 29.2 0.0 0.0 0.0 0.0 
0.9 0.1 0.0 0.0 0.0 0.0 
0.1 0.6 0.0 0.0 0.0 0.0 
0.5 1.8 0.0 1.0 0.0 0.0 
0.2 19.1 0.0 0.3 0.0 0.0 
4.3 0.0 0.0 0.9 0.0 0.0 
28.3 26.0 0.0 10.2 0.0 0.0 
0.0 0.0 0.0 0.0 0.0 0.0 
0.0 0.0 0.0 0.0 0.0 0.0 
0.3 0.0 0.0 0.0 0.0 0.0 
0.0 0.0 0.0 3.8 0.0 0.0 
8.6 0.0 0.0 0.0 0.0 0.0 
0.0 0.0 0.0 0.0 0.0 0.0 
24.7 0.0 0.0 0.0 0.0 0.0 
0.0 0.0 0.0 0.0 0.0 0.0 
0.0 0.0 0.0 0.0 0.0 0.0 
0.0 0.0 3.0 0.0 0.0 0.0 
4.9 30.1 0.5 0.0 0.0 0.0 
0.0 0.0 0.0 0.0 0.0 0.0 
11.8 2.6 0.0 0.0 0.0 0.0 
0.3 0.0 3.2 4.9 0.0 0.0 
0.0 6.1 1.4 0.0 0.0 0.0 
14.3 6.9 41.3 28.3 0.0 0.0 
3.5 18.1 0.0 3.2 19.1 0.0 
11.7 2.3 9.3 2.9 2.3 0.0 
32.1 8.2 8.4 12.0 0.0 0.0 
3.6 9.3 20.3 20.3 0.0 0.0 
1.5 7.0 51.9 11.0 0.0 0.0 
8.4 29.0 100.5 17.9 0.0 0.0 
11.0 5.5 213.7 34.2 0.0 2.0 
0.7 3.2 54.0 15.1 0.0 2.0 
1.7 0.4 16.0 15.5 0.0 20.0 
50.8 4.2 27.3 8.1 0.1 0.0 
0.8 2.1 23.8 12.0 2.0 0.0 
0.4 17.3 28.7 5.6 41.3 0.0 
0.1 12.5 19.9 34.8 0.0 0.0 
8.9 2.1 3.9 5.4 13.1 39.0 
1.3 1.2 12.1 4.1 1.1 16.0 
37.1 12.1 2.8 0.0 2.4 0.0 
111.8 39.5 25.4 3.4 9.1 10.0 
18.6 41.2 25.4 81.5 59.9 0.0 
0.2 2.8 7.6 1.5 88.0 94.0 
0.5 0.0 0.8 0.3 4.6 0.0 
1.2 27.3 46.6 33.8 0.0 0.0 
19.5 23.9 10.3 24.3 0.5 29.0 
20.4 16.1 2.5 6.0 1.2 0.0 
3.9 1.7 0.7 9.1 0.5 0.0 
0.0 0.0 4.6 0.0 0.0 0.0 
14.5 44.2 0.7 0.0 0.0 0.0 
19.7 3.8 29.2 40.8 0.0 0.0 
3.2 15.0 5.8 31.1 0.0 0.0 
5.8 4.6 0.4 10.2 21.9 0.0 
0.7 5.8 8.2 0.2 5.2 0.0 
15.1 8.8 4.8 23.3 58.6 0.0 
51.4 19.4 12.1 16.6 24.4 41.0 
31.2 40.1 25.2 46.7 38.3 14.0 
39.2 11.9 14.9 6.1 0.7 32.0 
8.3 5.4 5.6 5.0 1.4 38.0 
13.1 9.8 25.7 3.6 38.9 35.0 
0.0 4.2 11.2 7.5 25.7 13.0 
37.7 16.3 20.3 20.6 34.5 0.0 
2.3 11.6 28.1 26.6 41.4 50.0 
0.0 20.9 22.5 0.2 38.7 48.0 
19.3 9.3 2.6 0.3 6.2 20.0 
1.6 4.9 4.3 0.8 1.6 8.0 
0.0 6.5 2.0 0.2 10.1 0.0 
1.0 0.0 0.5 0.0 0.0 0.0 
12.4 0.2 15.8 5.5 0.0 0.0 
5.4 0.5 34.6 18.1 7.0 0.0 
21.9 8.0 31.5 14.0 0.2 0.0 
2.5 18.6 43.5 35.6 52.6 10.0 
12.1 4.1 39.9 4.4 30.0 10.0 
29.4 44.3 25.6 25.9 32.6 22.0 
3.6 4.2 46.3 20.4 4.3 0.0 
18.3 1.5 13.0 14.7 0.0 0.0 
26.4 24.9 45.4 39.1 0.0 80.0 
0.3 9.7 31.7 9.8 85.0 24.0 
0.0 0.2 12.9 0.8 53.2 0.0 
0.0 0.0 4.6 0.8 55.4 83.0 
1.6 35.1 3.2 8.5 24.9 2.0 
1.0 18.9 17.6 11.8 4.5 0.0 
0.6 3.2 22.4 23.4 0.8 0.0 
36.1 7.9 31.7 63.0 13.2 0.0 
15.3 14.5 26.8 10.0 34.1 19.0 
2.9 11.2 15.4 30.8 3.9 0.0 
0.0 9.5 1.4 0.1 1.7 0.0 
14.3 6.3 2.3 3.6 14.0 12.0 
49.1 45.4 15.4 14.0 0.0 0.0 
8.9 3.0 41.9 22.0 0.0 5.0 
9.9 5.1 3.7 12.7 0.0 0.0 
28.2 6.7 8.3 3.9 25.1 19.0 
22.7 13.6 0.0 3.7 13.4 10.0 
0.0 7.1 0.5 3.9 0.5 0.0 
0.4 0.0 5.9 5.8 0.0 0.0 
5.4 4.0 6.1 9.3 0.0 6.0 
27.6 40.8 12.8 8.8 6.9 0.0 
27.3 20.3 41.0 16.0 19.7 2.0 
19.9 50.7 4.6 7.5 11.2 12.0 
0.0 0.9 10.1 15.0 20.2 3.0 
10.7 6.9 11.9 2.5 0.6 0.0 
19.7 9.1 13.7 2.6 0.0 0.0 
8.7 5.3 32.5 6.2 5.0 0.0 
8.4 2.4 1.0 2.3 0.3 0.0 
0.7 2.1 3.4 6.0 0.0 6.0 
15.3 22.5 15.0 12.8 25.0 4.0 
25.3 2.3 15.2 11.4 0.1 7.0 
12.3 4.4 34.3 8.3 1.1 0.0 
13.0 6.6 1.7 1.9 33.5 9.8 
4.6 8.1 5.6 7.7 5.5 2.0 
3.4 9.6 8.8 8.3 0.6 0.0 
0.0 6.3 0.3 0.0 0.3 0.0 
0.0 3.6 0.0 0.0 0.0 0.3 
8.4 20.4 0.0 0.0 0.0 0.0 
6.2 4.8 10.4 5.5 0.0 0.0 
28.2 2.2 0.6 7.2 0.0 0.0 
2.9 5.3 11.6 5.6 0.0 0.0 
1.8 8.8 5.0 18.6 0.0 0.0 
3.3 1.9 4.3 3.0 0.0 0.0 
5.7 0.6 5.2 2.3 0.0 0.0 
3.9 0.7 23.4 1.4 0.0 2.0 
13.3 9.2 4.2 7.7 0.0 12.0 
4.7 10.4 84.2 20.6 0.0 8.0 
0.9 17.4 9.1 0.0 0.0 0.0 
0.0 0.7 0.0 0.0 0.0 0.0 
0.0 0.0 0.0 0.0 0.0 0.0 
0.0 0.0 0.0 0.0 0.0 0.0 
0.0 0.0 0.0 0.0 0.0 0.0 
0.0 0.0 0.0 0.8 0.0 0.0 
0.0 0.0 0.0 0.0 0.0 0.0 
0.0 0.0 0.0 0.0 0.0 0.0 
0.0 0.0 0.0 0.0 0.0 0.0 
0.0 0.0 0.0 0.0 0.0 0.0 
0.0 0.0 0.0 0.0 0.0 0.0 
0.0 0.0 0.0 0.0 0.0 0.0 
0.0 0.0 0.0 0.0 0.0 0.0 
0.1 0.0 0.0 0.0 0.0 0.0 
0.0 12.9 0.0 0.0 0.0 0.0 
14.8 38.2 0.0 1.9 0.0 0.0 
7.9 17.7 2.1 8.1 0.0 0.0 
10.6 19.5 0.4 5.0 0.0 0.0 
12.0 10.3 13.5 4.8 8.5 0.0 
2.3 4.2 26.3 5.0 0.0 0.0 
9.3 2.2 10.0 32.4 0.0 0.0 
2.5 0.3 2.9 7.6 0.0 0.0 
0.0 0.0 0.0 0.0 0.0 0.0 
0.0 0.0 0.0 0.0 0.0 0.0 
0.0 0.0 0.0 0.0 0.0 0.0 
0.0 0.0 0.0 0.0 0.0 0.0 
0.0 0.0 0.0 0.0 0.0 0.0 
0.0 0.0 0.0 0.0 0.0 0.0 
0.0 0.0 0.0 0.0 0.0 0.0 
0.0 0.0 0.0 0.0 0.0 0.0 
0.0 0.0 0.0 0.6 0.0 0.0 
0.0 0.0 0.0 0.0 0.0 0.0 
0.0 0.0 0.0 2.5 0.0 0.0 
0.0 2.8 0.0 3.7 0.0 0.0 
0.0 0.1 0.0 8.4 0.0 0.0 
0.2 0.0 0.0 0.0 0.0 0.0 
0.0 0.6 0.0 0.0 0.0 0.0 
0.0 0.0 0.0 10.3 0.0 0.0 
0.0 0.0 0.0 0.0 0.0 0.0 
0.0 0.0 0.0 0.0 0.0 0.0 
0.0 0.0 0.0 0.0 0.0 0.0 
0.0 0.0 0.0 0.0 0.0 0.0 
0.0 0.4 0.0 0.0 0.0 0.0 
0.0 0.0 0.0 0.0 0.0 0.0 
0.2 1.5 0.0 0.0 0.0 0.0 
3.0 2.8 0.0 0.0 0.0 0.0 
0.1 0.1 0.0 0.0 0.0 0.0 
0.2 0.0 0.0 0.0 0.0 0.0 
0.0 0.0 0.0 0.0 0.0 0.0 
0.0 0.0 0.0 0.0 0.0 0.0 
0.0 0.0 0.0 0.0 0.0 0.0 
0.0 0.0 0.0 0.0 0.0 0.0 
0.0 0.0 0.0 0.0 0.0 0.0 
0.0 0.0 0.0 0.0 0.0 0.0 
0.0 0.0 0.0 0.0 0.0 0.0 
0.0 0.0 0.0 0.0 0.0 0.0 
0.0 0.0 0.0 2.3 0.0 0.0 
0.0 12.9 0.0 0.0 0.0 0.0 
0.0 0.0 0.0 0.0 0.0 0.0 
0.0 0.0 0.0 2.1 0.0 0.0 
0.0 0.0 0.0 0.0 0.0 0.0 
0.0 0.0 0.0 0.0 0.0 0.0 
0.0 0.0 0.0 0.0 0.0 0.0 
0.0 0.0 0.0 0.0 0.0 0.0 
0.0 0.0 0.0 0.0 0.0 0.0 
0.5 0.3 0.0 0.0 0.0 0.0 
0.0 0.0 0.0 0.0 0.0 0.0 
0.0 0.6 0.0 0.0 0.0 0.0 
0.0 0.0 0.0 0.0 0.0 0.0 
0.0 0.0 0.0 0.0 0.0 0.0 
0.0 0.0 0.0 0.0 0.0 0.0 
0.0 0.0 0.0 0.0 0.0 0.0 
0.0 0.0 0.0 0.0 0.0 0.0 
0.0 0.0 0.0 0.0 0.0 0.0 
0.0 0.0 0.0 0.0 0.0 0.0 
0.0 0.0 0.0 0.0 0.0 0.0 
0.0 0.0 0.0 0.0 0.0 0.0 
0.0 0.0 0.0 0.0 0.0 0.0 
0.0 0.0 0.0 0.0 0.0 0.0 
0.0 0.0 0.0 0.0 0.0 0.0 
0.0 0.0 0.0 0.0 0.0 0.0 
0.0 0.0 0.0 0.0 0.0 0.0 
0.0 0.0 0.0 0.0 0.0 0.0 
0.0 0.0 0.0 0.0 0.0 0.0 
0.0 0.0 0.0 0.0 0.0 0.0 
0.0 0.0 0.0 0.0 0.0 0.0 
0.0 0.0 0.0 0.0 0.0 0.0 
0.0 0.0 0.0 0.0 0.0 0.0 
0.0 0.0 0.0 0.0 0.0 0.0 
0.0 0.0 0.0 0.0 0.0 0.0 
0.0 0.0 0.0 0.0 0.0 0.0 
0.0 0.0 0.0 0.0 0.0 0.0 
0.0 0.0 0.0 0.0 0.0 0.0 
0.0 0.0 0.0 0.0 0.0 0.0 
0.0 0.0 0.0 0.0 0.0 0.0 
0.0 0.0 0.0 0.0 0.0 0.0 
0.0 0.0 0.0 0.0 0.0 0.0 
0.0 0.0 0.0 0.0 0.0 0.0 
0.0 0.0 0.0 0.0 0.0 0.0 
0.0 0.0 0.0 0.0 0.0 0.0 
0.0 0.0 0.0 0.0 0.0 0.0 
0.0 0.0 0.0 0.0 0.0 0.0 
0.0 0.0 0.0 0.0 0.0 0.0 
0.0 0.0 0.0 0.0 0.0 0.0 
0.0 0.0 0.0 0.0 0.0 0.0 
0.0 0.0 0.0 0.0 0.0 0.0 
0.0 0.0 0.0 0.0 0.0 0.0 
0.0 0.0 0.0 0.0 0.0 0.0 
0.0 0.0 0.0 0.0 0.0 0.0 
0.0 0.0 0.0 0.0 0.0 0.0 
0.2 0.0 0.0 0.0 8.7 0.0 
0.3 0.0 0.8 0.0 14.0 3.0 
0.2 6.1 6.5 10.5 0.8 9.2 
11.7 3.7 3.0 2.5 0.0 0.0 
0.0 0.0 0.0 5.2 0.0 0.0 
3.4 2.7 0.0 0.0 0.0 0.0 
0.0 0.1 0.0 0.2 0.0 0.0 
0.0 0.0 0.0 0.0 0.0 0.0 
0.0 0.0 0.0 0.0 0.0 0.0 
0.0 0.0 0.0 0.0 0.0 0.0 
0.0 0.0 0.0 0.0 0.0 0.0 
3.5 3.3 0.0 0.0 0.0 0.0 
0.0 0.0 0.0 0.0 0.0 0.0 
0.0 0.0 0.0 0.0 0.0 0.0 
0.0 0.0 0.0 0.0 0.0 0.0 
0.0 0.0 0.0 0.0 0.0 0.0 
0.0 0.0 0.0 0.0 0.0 0.0 
0.0 0.0 0.0 0.0 0.0 0.0 
0.0 0.0 0.0 0.0 0.0 0.0 
0.0 0.0 0.0 0.0 0.0 0.0 
0.0 0.0 0.0 0.0 0.0 0.0 
0.0 0.0 0.0 0.0 0.0 0.0 
0.0 0.0 0.0 0.0 0.0 0.0 
0.0 0.0 0.0 0.0 0.0 0.0 
0.0 0.0 0.0 0.0 0.0 0.0 
0.0 0.0 0.0 0.0 0.0 0.0 
0.0 0.0 0.0 0.0 0.0 0.0 
0.0 0.0 0.0 0.0 17.5 0.0 
0.0 0.0 4.0 0.0 0.0 0.0 
0.0 0.0 0.0 6.9 0.0 0.0 
0.0 0.0 0.0 0.3 0.0 0.0 
0.0 0.0 0.0 0.0 0.0 0.0 
0.0 0.0 0.0 0.0 0.0 0.0 
0.0 0.0 0.0 0.0 0.0 0.0 
0.0 0.0 0.0 0.0 0.0 0.0 
0.0 0.0 0.0 0.0 0.0 0.0 
0.0 0.0 0.0 0.0 0.0 0.0 
0.0 0.0 0.0 0.0 0.0 0.0 
0.0 0.0 0.0 0.0 0.0 0.0 
0.0 0.0 0.8 0.0 0.0 0.0 
0.0 0.0 1.0 3.4 0.0 0.0 
0.0 0.0 0.0 0.0 0.0 0.0 
0.0 0.0 0.0 0.0 0.0 0.0 
0.0 7.7 0.0 0.0 0.0 0.0 
0.0 0.0 0.0 0.0 0.0 0.0 
0.0 0.0 0.0 0.4 0.0 0.0 
0.0 1.2 0.0 0.0 0.0 0.0 
0.2 0.4 0.0 0.0 0.0 0.0 
11.1 2.3 0.0 0.0 0.0 0.0 
0.2 0.0 0.0 0.0 0.0 0.0 
0.0 0.0 0.0 0.0 0.0 0.0 
0.1 0.0 0.0 0.0 0.0 0.0 
4.0 21.3 0.0 1.9 0.0 0.0 
0.4 3.2 0.0 0.0 0.0 0.0 
0.1 0.0 0.0 0.0 0.0 0.0 
0.0 0.0 0.0 0.0 0.0 0.0 
0.0 0.0 0.0 0.0 0.0 0.0 
0.0 0.0 0.0 0.0 0.0 0.0 
0.0 0.0 0.0 0.0 14.9 0.0 
3.8 0.1 2.6 11.4 0.0 0.0 
0.0 0.0 1.6 5.7 0.0 0.0 
0.0 0.0 3.6 6.5 0.0 0.0 
0.0 0.0 4.9 8.4 0.0 0.0 
0.0 0.0 4.6 5.7 0.0 0.0 
0.0 0.0 0.0 0.0 0.0 0.0 
0.0 0.0 0.0 0.0 0.0 0.0 
0.0 0.0 0.0 0.0 0.0 0.0 
0.0 0.0 0.0 0.0 0.0 0.0 
0.0 0.0 0.0 0.0 2.3 0.0 
0.0 0.0 0.0 0.0 0.0 0.0 
0.0 0.0 0.0 0.0 0.0 0.0 
0.0 0.0 0.0 0.0 0.0 0.0 
0.0 0.0 0.0 0.0 0.0 0.0 
0.0 0.0 0.0 0.0 0.0 0.0 
0.0 0.0 0.0 0.0 0.0 0.0 
0.0 0.0 0.0 0.0 0.0 0.0 
0.0 0.0 0.0 0.0 0.0 0.0 
0.0 0.0 0.0 0.0 0.0 0.0 
0.0 0.0 0.0 0.0 6.2 0.0 
0.0 0.0 0.2 0.0 0.0 0.0 
3.2 1.5 0.0 0.0 0.0 0.0 
0.0 0.0 0.0 0.0 0.0 0.0 
0.0 0.5 0.0 0.0 0.0 0.0 
0.0 3.9 0.0 0.0 0.0 0.0 
0.0 0.0 0.0 0.0 0.0 0.0 
1.7 0.0 0.0 0.0 0.0 0.0 
0.0 0.0 0.0 0.0 0.0 0.0 
0.0 0.0 0.0 0.0 0.0 0.0 
0.2 0.0 0.0 7.6 0.0 0.0 
0.0 0.0 0.0 1.6 0.0 0.0 
0.0 0.0 2.8 0.0 0.0 0.0 
0.0 0.0 0.6 0.0 0.0 0.0 
0.0 0.0 0.6 0.0 0.0 0.0 
0.0 0.0 0.6 0.0 0.0 0.0 
0.0 0.0 0.0 0.0 0.3 0.0 
0.0 0.4 0.0 0.0 0.2 0.0 
0.3 13.7 0.0 0.6 0.0 0.0 
0.0 0.0 0.0 0.0 0.0 0.0 
0.0 0.0 0.0 0.0 0.0 0.0 
0.1 0.4 0.0 0.0 0.0 0.0 
0.0 0.0 0.0 0.0 0.0 0.0 
0.0 0.0 0.0 0.0 0.0 0.0 
0.0 0.0 0.0 0.0 0.0 0.0 
0.0 0.0 0.0 0.0 0.0 0.0 
5.6 4.6 0.0 1.2 0.0 0.0 
0.0 0.0 0.0 0.0 0.0 0.0 
0.0 0.0 0.0 0.0 0.0 0.0 
0.0 0.0 0.0 0.0 0.0 0.0 
0.0 0.0 0.0 0.0 0.0 0.0 
0.0 0.0 0.0 0.0 0.0 0.0 
0.0 0.0 0.0 0.0 0.0 0.0 
0.0 0.0 0.0 0.0 0.0 0.0 
0.0 0.0 0.0 0.0 0.0 0.0 
0.0 0.0 0.0 0.0 0.0 0.0 
0.4 0.4 0.0 0.0 0.0 0.0 
0.0 0.2 0.0 0.0 0.0 0.0 
0.0 0.0 0.0 0.0 0.0 0.0 
0.0 0.0 0.0 0.0 0.0 0.0 
0.0 0.0 0.0 0.5 0.0 0.0 
0.0 0.0 0.0 0.0 0.0 0.0 
0.0 0.0 0.0 0.0 0.0 0.0 
0.7 0.0 0.0 0.0 0.0 0.0 
0.0 0.0 0.0 0.0 0.0 0.0 
1.8 0.4 0.0 0.0 0.0 0.0 
20.2 15.6 0.0 0.0 0.0 0.0 
10.1 5.0 4.6 0.0 0.0 0.0 
7.2 1.8 0.0 2.0 0.0 0.0 
15.2 10.2 0.0 0.0 0.0 0.0 
6.7 36.8 0.0 4.3 0.0 0.0 
10.3 29.9 0.0 11.6 0.0 0.0 
7.0 82.8 0.0 0.0 0.0 0.0 
0.0 0.0 0.0 0.0 0.0 0.0 
0.0 0.0 0.0 0.0 0.0 0.0 
0.0 0.0 0.0 0.0 0.0 0.0 
0.0 0.0 0.0 0.0 0.0 0.0 
0.0 0.0 0.0 0.0 0.0 0.0 
0.0 0.0 0.0 0.0 0.0 0.0 
0.0 0.0 0.0 0.0 0.0 0.0 
0.0 0.0 0.0 0.0 0.0 0.0 
0.0 0.0 0.0 0.0 0.0 0.0 
0.0 0.0 0.0 0.0 0.0 0.0 
0.0 0.0 0.0 0.0 0.0 0.0 
0.0 0.0 0.0 0.0 0.0 0.0 
0.0 0.0 0.0 0.0 0.0 0.0 
0.0 0.0 0.0 0.0 0.0 0.0 
0.0 0.0 0.0 0.0 0.0 0.0 
4.1 0.0 0.0 0.0 0.0 0.0 
2.2 0.0 0.0 0.0 0.0 0.0 
0.0 0.0 0.0 0.0 0.0 0.0 
0.0 0.0 0.0 0.0 0.0 0.0 
0.5 22.9 0.0 0.0 0.0 0.0 
0.1 0.0 0.0 0.0 0.0 0.0 
0.7 12.4 0.0 0.0 0.0 0.0 
84.1 2.3 0.0 0.0 0.0 0.0 
5.9 0.8 0.0 1.7 0.0 0.0 
13.4 2.3 0.0 0.0 0.0 0.0 
8.4 13.9 0.0 0.0 0.0 0.0 
0.2 1.3 0.0 4.2 0.0 0.0 
0.0 0.0 3.5 1.5 0.3 0.0 
0.0 0.0 6.5 0.0 0.0 0.0 
7.5 0.6 1.6 1.1 11.4 0.0 
0.7 0.2 0.0 0.0 4.0 0.0 
30.0 41.1 13.9 6.4 0.0 0.0 
0.7 4.8 0.0 18.7 1.6 0.0 
1.4 16.2 1.3 48.5 18.1 0.0 
1.8 29.0 7.9 5.5 0.7 0.0 
0.0 1.3 11.2 18.5 1.7 7.0 
25.6 17.8 22.5 9.6 0.3 5.0 
4.6 26.1 4.6 4.7 0.0 0.0 
1.9 0.3 0.0 0.0 0.0 0.0 
0.2 20.4 0.5 2.4 0.0 3.0 
2.0 4.3 6.5 3.5 45.9 0.0 
2.2 0.0 10.9 1.0 0.5 0.0 
6.2 2.3 0.8 3.0 0.0 16.0 
0.0 0.7 7.7 7.1 0.0 0.0 
3.6 0.5 5.7 21.9 0.0 0.0 
12.8 2.5 0.0 2.7 0.0 0.0 
53.4 70.5 0.0 3.4 0.0 0.0 
0.4 40.7 5.5 1.3 0.0 0.0 
25.4 11.7 0.0 1.4 0.0 0.0 
0.0 0.0 0.0 0.0 0.0 0.0 
0.0 0.0 4.2 5.9 0.3 0.0 
0.0 1.0 10.5 18.3 0.1 1.0 
0.0 0.0 0.0 7.1 0.0 0.0 
8.2 0.2 26.2 44.0 1.5 0.0 
3.5 1.6 1.2 33.2 42.8 7.0 
0.0 0.9 7.8 9.0 1.6 0.0 
16.6 11.5 8.4 4.8 5.2 0.0 
0.3 20.8 21.6 5.3 3.4 10.0 
5.3 9.4 39.7 19.1 0.0 0.0 
1.2 3.9 36.3 8.3 0.0 0.0 
6.0 31.1 7.7 2.9 20.8 0.0 
10.0 5.8 114.3 46.5 33.0 0.0 
4.4 3.6 6.9 1.9 17.0 20.0 
20.0 18.7 9.7 8.4 11.9 0.0 
8.9 8.2 5.8 3.8 5.9 4.0 
6.7 6.1 12.0 9.0 7.1 10.0 
10.8 12.0 27.3 22.9 9.5 25.0 
5.2 14.4 1.4 6.6 0.7 41.0 
1.1 1.1 0.4 0.1 0.5 0.0 
0.1 0.2 0.0 0.0 0.1 0.0 
5.7 30.1 0.0 0.7 0.2 0.0 
3.7 10.6 9.8 3.4 18.6 0.0 
0.0 0.6 6.3 8.7 1.2 3.0 
2.7 0.0 1.3 0.0 2.9 0.0 
30.4 34.8 2.3 0.9 0.0 0.0 
4.9 0.5 28.6 21.6 26.7 0.0 
4.5 1.1 8.1 19.2 10.4 20.0 
11.6 44.6 17.1 2.8 17.3 15.0 
8.7 86.1 23.1 5.5 40.5 3.0 
11.4 0.3 9.1 9.9 10.7 5.0 
8.8 6.4 9.2 1.9 2.8 20.0 
10.3 3.2 22.3 1.8 9.1 43.0 
6.2 26.2 44.0 8.2 17.8 6.0 
9.7 7.2 82.1 50.6 26.9 35.0 
13.1 2.5 9.9 6.7 1.9 26.0 
2.7 4.1 15.9 3.6 0.0 28.0 
8.3 0.0 5.9 0.8 0.0 6.0 
0.3 0.2 3.5 0.0 0.0 3.0 
0.0 0.0 0.7 0.0 0.1 0.0 
0.3 4.4 0.0 3.6 0.0 0.0 
0.7 3.8 0.6 2.1 1.1 0.0 
24.1 1.5 15.5 3.6 47.7 0.0 
74.1 13.6 7.0 8.5 51.8 22.0 
0.1 1.1 8.8 4.0 0.4 10.0 
3.0 1.3 6.0 3.0 16.7 15.0 
49.2 61.9 29.0 1.3 22.3 20.0 
71.0 4.3 33.4 6.9 8.0 15.0 
1.2 2.4 18.2 42.6 8.1 20.0 
8.3 0.3 12.9 16.3 22.0 25.0 
0.2 0.0 0.0 4.4 1.2 40.0 
0.0 2.6 0.2 0.0 0.0 5.0 
0.5 0.0 1.1 0.8 0.0 0.0 
0.1 0.0 5.3 3.3 2.6 0.0 
14.0 3.5 1.2 0.0 4.4 0.0 
0.8 6.3 10.6 0.7 0.2 25.0 
21.2 17.7 1.1 2.1 23.4 40.0 
51.4 8.3 14.2 16.5 10.0 30.0 
44.7 16.5 14.9 4.2 13.0 5.0 
18.9 15.5 18.9 28.8 11.1 22.0 
6.1 33.3 17.4 6.5 2.5 3.0 
28.0 63.7 26.6 56.9 6.3 0.0 
12.3 68.8 26.4 22.7 0.0 0.0 
8.3 1.2 8.6 7.2 0.0 7.0 
0.0 1.7 0.0 0.0 0.0 0.0 
22.2 9.1 0.0 0.0 0.0 5.0 
0.3 13.6 7.2 0.0 0.0 0.0 
0.0 1.2 0.0 0.9 0.0 0.0 
6.3 0.0 7.5 9.1 0.0 0.0 
6.7 1.0 9.3 0.0 0.2 0.0 
1.5 3.1 16.5 6.6 0.0 0.0 
0.0 1.0 6.8 2.6 1.4 0.0 
3.1 4.0 32.8 13.4 0.0 0.0 
38.6 60.7 9.7 10.4 0.0 0.0 
40.6 31.1 62.8 94.9 0.0 0.0 
3.5 9.2 12.9 1.3 8.1 0.0 
0.3 1.9 17.2 0.7 0.0 0.0 
0.3 0.4 11.4 3.0 0.0 0.0 
0.3 0.5 2.4 2.6 0.0 0.0 
4.1 0.0 0.0 0.0 0.0 0.0 
0.9 31.3 0.0 0.0 0.0 0.0 
1.7 8.8 0.0 0.0 0.0 0.0 
37.2 18.2 0.0 7.9 0.0 0.0 
16.7 104.4 12.5 3.1 0.0 0.0 
21.9 24.7 3.6 1.6 0.0 0.0 
0.7 2.2 0.0 0.0 0.0 0.0 
0.0 14.2 0.0 0.0 0.0 0.0 
0.0 0.0 0.0 0.0 0.0 0.0 
0.0 0.0 0.0 0.0 0.0 0.0 
0.0 0.0 0.0 0.0 0.0 0.0 
0.0 8.3 0.0 0.0 0.0 0.0 
0.1 28.9 0.0 0.0 0.0 0.0 
0.0 0.2 0.0 0.0 0.0 0.0 
1.2 2.2 0.0 0.0 0.0 0.0 
0.5 1.9 0.0 0.0 0.0 0.0 
11.9 39.2 1.5 3.6 0.0 0.0 
18.0 8.1 0.7 0.3 0.0 0.0 
14.4 2.8 0.4 0.7 0.0 0.0 
0.3 0.2 0.6 0.2 0.0 0.0 
3.7 0.0 6.9 4.2 0.0 0.0 
0.1 0.0 4.1 0.0 0.0 0.0 
0.1 0.6 0.0 0.0 0.0 0.0 
1.5 1.4 1.0 0.0 0.0 0.0 
0.4 0.3 0.0 0.0 0.0 0.0 
1.7 2.3 0.0 3.0 0.0 0.0 
11.2 16.9 0.0 0.0 0.0 0.0 
32.3 0.0 1.4 3.2 0.0 0.0 
6.3 3.2 0.0 32.5 0.0 0.0 
1.3 0.9 0.0 0.0 0.0 0.0 
0.0 0.0 0.0 0.0 0.0 0.0 
0.0 0.0 0.0 0.0 0.0 0.0 
0.0 0.0 0.0 0.0 0.0 0.0 
0.0 0.0 0.0 0.0 0.0 0.0 
0.0 0.0 0.0 0.0 0.0 0.0 
0.0 0.0 0.0 0.0 0.0 0.0 
0.0 0.0 0.0 0.0 0.0 0.0 
0.0 0.0 0.0 0.0 0.0 0.0 
0.7 2.2 0.0 0.0 0.0 0.0 
0.4 0.0 0.0 0.0 0.0 0.0 
0.0 0.0 0.0 0.0 0.0 0.0 
0.0 0.0 0.0 0.0 0.0 0.0 
0.0 0.0 0.0 0.0 0.0 0.0 
0.0 0.0 0.0 0.0 0.0 0.0 
0.0 0.0 0.0 0.0 0.0 0.0 
0.0 0.0 0.0 0.0 0.0 0.0 
0.0 0.0 0.0 0.0 0.0 0.0 
64.8 62.1 9.1 12.0 0.0 0.0 
65.0 102.5 52.2 57.6 0.0 0.0 
0.0 1.4 0.0 0.0 0.0 0.0 
0.0 0.0 0.0 0.0 0.0 0.0 
0.0 0.0 0.0 0.0 0.0 0.0 
0.0 0.0 0.0 0.0 0.0 0.0 
0.0 0.0 0.0 0.0 0.0 0.0 
0.0 0.0 0.0 0.0 0.0 0.0 
3.4 1.2 0.0 0.0 0.0 0.0 
35.1 20.9 0.0 0.0 0.0 0.0 
0.7 0.1 0.0 0.0 0.0 0.0 
0.0 0.0 0.0 0.0 0.0 0.0 
0.0 0.0 0.0 0.0 0.0 0.0 
0.0 0.0 0.0 0.0 0.0 0.0 
0.0 0.0 0.0 0.0 0.0 0.0 
0.0 3.1 0.0 0.0 0.0 0.0 
0.8 0.8 0.0 0.0 0.0 0.0 
0.8 2.6 0.0 0.0 0.0 0.0 
0.0 0.0 0.0 0.0 0.0 0.0 
0.0 0.0 0.0 0.0 0.0 0.0 
0.0 0.0 0.0 0.0 0.0 0.0 
0.0 0.0 0.0 0.0 0.0 0.0 
0.0 0.0 0.0 0.0 0.0 0.0 
0.0 0.0 0.0 0.0 0.0 0.0 
0.0 0.0 0.0 0.0 0.0 0.0 
0.0 0.0 0.0 0.0 0.0 0.0 
0.0 0.0 0.0 0.0 0.0 0.0 
0.0 0.0 0.0 0.0 0.0 0.0 
0.0 0.0 0.0 0.0 0.0 0.0 
0.0 0.0 0.0 0.0 0.0 0.0 
0.0 0.0 0.0 0.0 0.0 0.0 
0.0 0.0 0.0 0.0 0.0 0.0 
0.0 0.0 0.0 0.0 0.0 0.0 
0.0 0.0 0.0 0.0 0.0 0.0 
0.0 0.0 0.0 0.0 0.0 0.0 
0.0 0.0 0.0 0.0 0.0 0.0 
0.0 0.0 0.0 0.0 0.0 0.0 
0.0 0.0 0.0 0.0 0.0 0.0 
0.0 0.0 0.0 0.0 0.0 0.0 
0.0 0.0 0.0 0.0 0.0 0.0 
0.0 0.0 0.0 0.0 0.0 0.0 
0.0 0.0 0.0 0.0 0.0 0.0 
0.0 0.0 0.0 0.0 0.0 0.0 
0.0 0.0 0.0 0.0 0.0 0.0 
0.0 0.0 0.0 0.0 0.0 0.0 
0.0 0.0 5.3 12.2 0.0 0.0 
0.0 0.0 20.4 19.1 0.0 0.0 
0.0 0.0 1.9 6.1 0.0 0.0 
0.0 0.0 0.0 0.0 0.0 0.0 
0.0 0.0 0.0 0.0 0.0 0.0 
0.0 0.0 0.0 0.0 0.0 0.0 
0.0 0.0 0.0 0.0 0.0 0.0 
0.0 0.0 0.0 0.0 0.0 0.0 
0.0 0.0 0.6 6.2 1.1 0.0 
0.0 0.0 1.2 6.3 0.0 0.0 
0.0 0.0 0.0 1.3 0.0 15.0 
0.0 0.4 0.6 5.1 0.0 0.0 
0.3 0.7 0.0 0.0 0.4 0.0 
0.0 0.0 0.0 0.5 14.8 0.0 
0.0 0.0 0.0 1.3 0.0 0.0 
0.0 0.0 0.0 1.8 0.0 0.0 
0.0 0.0 0.0 5.5 0.0 0.0 
0.0 0.0 0.0 1.0 0.0 0.0 
0.0 0.3 0.4 6.0 0.0 0.0 
4.5 0.9 0.0 0.0 0.0 0.0 
0.0 0.0 0.0 0.0 0.0 0.0 
0.0 0.0 0.0 0.0 0.0 0.0 
0.0 0.0 1.1 4.5 0.0 0.0 
0.0 0.0 0.9 1.0 0.0 8.0 
0.8 7.8 0.0 2.8 0.0 0.0 
0.0 0.0 0.0 0.0 0.0 0.0 
0.0 0.0 0.0 0.0 0.0 0.0 
0.0 0.0 0.0 0.0 0.0 0.0 
0.0 0.0 0.0 0.0 0.0 0.0 
0.0 0.0 0.0 0.0 0.0 0.0 
0.0 0.0 0.0 0.0 0.0 0.0 
0.0 0.0 0.0 0.0 0.0 0.0 
0.0 0.0 0.0 0.0 0.0 0.0 
0.0 0.0 0.0 0.0 0.0 0.0 
0.0 0.0 0.0 0.0 0.0 0.0 
0.0 0.0 0.0 0.0 0.0 0.0 
0.0 0.0 0.0 0.0 0.0 0.0 
0.0 0.0 0.0 0.0 0.0 0.0 
0.0 0.0 0.0 0.0 0.0 0.0 
0.0 0.0 0.0 0.0 0.0 0.0 
0.0 0.0 0.0 0.0 0.0 0.0 
0.0 0.0 0.0 0.0 0.0 0.0 
0.0 0.0 0.0 0.0 0.0 0.0 
0.0 0.0 0.0 0.0 0.0 0.0 
0.0 0.0 0.0 0.0 0.0 0.0 
0.0 0.0 0.0 0.0 2.2 0.0 
0.0 0.0 0.0 0.0 1.5 0.0 
0.0 0.0 6.3 0.0 1.6 0.0 
0.0 0.0 10.6 3.5 1.4 0.0 
0.0 0.0 0.0 8.3 0.0 0.0 
0.0 0.0 0.0 7.4 0.0 0.0 
0.0 0.0 0.0 0.0 0.0 0.0 
0.0 0.0 0.0 0.0 0.0 0.0 
0.0 0.0 0.0 0.0 0.0 0.0 
0.0 0.0 0.0 0.0 0.0 0.0 
0.0 0.0 0.0 0.0 0.0 0.0 
0.0 0.0 0.0 0.0 0.0 0.0 
0.0 0.0 0.0 1.5 0.0 0.0 
0.0 0.0 0.0 0.0 0.0 0.0 
2.1 1.2 0.0 0.0 0.0 0.0 
0.4 1.3 0.0 0.0 0.0 0.0 
1.1 0.0 0.0 0.0 0.0 0.0 
0.0 0.0 0.0 0.0 0.0 0.0 
1.2 7.4 6.3 2.3 0.0 0.0 
5.4 2.2 0.0 8.3 0.0 0.0 
0.0 0.0 0.0 0.0 0.0 0.0 
4.2 0.1 0.0 0.0 0.0 0.0 
0.0 0.0 0.0 0.0 0.0 0.0 
0.0 0.0 0.0 0.0 0.0 0.0 
0.0 0.0 0.0 0.0 0.0 0.0 
0.0 0.0 0.0 0.0 0.0 0.0 
0.0 0.0 0.0 26.1 0.0 0.0 
0.0 0.0 0.0 0.0 0.0 0.0 
0.0 0.0 0.0 3.5 0.0 0.0 
0.0 0.0 0.0 0.0 0.0 0.0 
0.0 0.0 0.0 0.0 0.0 0.0 
0.0 0.0 0.0 0.0 0.0 0.0 
0.0 0.0 0.0 0.0 0.0 0.0 
0.0 0.0 0.0 0.0 0.0 0.0 
0.0 0.0 0.0 0.0 0.0 0.0 
0.0 0.0 0.0 0.0 0.0 0.0 
0.0 0.0 0.0 0.0 0.0 0.0 
0.0 0.0 0.0 0.0 0.0 0.0 
0.0 0.0 0.0 0.0 0.0 0.0 
0.0 0.0 0.0 0.0 0.0 0.0 
0.0 0.0 0.0 0.0 0.0 0.0 
0.0 0.0 0.0 0.0 0.0 0.0 
0.0 0.0 0.0 0.0 0.0 0.0 
0.0 0.0 0.0 0.0 0.0 0.0 
0.0 0.0 0.0 0.0 0.0 0.0 
20.3 7.8 0.0 0.5 0.0 0.0 
0.0 0.0 0.0 0.0 0.0 0.0 
0.0 0.0 0.0 0.0 0.0 0.0 
0.0 0.0 0.0 0.0 0.0 0.0 
0.0 0.0 0.0 0.0 0.0 0.0 
0.0 0.0 0.0 0.0 0.0 0.0 
0.0 0.0 0.0 0.0 0.0 0.0 
0.0 0.0 0.0 0.0 0.0 0.0 
0.0 0.0 0.0 0.0 0.0 0.0 
0.0 0.0 0.0 0.0 0.0 0.0 
0.0 0.0 0.0 0.0 0.0 0.0 
0.0 0.0 0.0 0.0 0.0 0.0 
0.0 0.0 0.0 0.0 0.0 0.0 
0.0 0.0 0.0 0.0 0.0 0.0 
0.0 0.0 0.0 3.7 0.0 0.0 
0.0 0.0 0.0 0.0 0.0 0.0 
0.0 0.0 0.0 0.0 0.0 0.0 
0.0 0.0 0.0 0.0 0.0 0.0 
0.0 0.0 0.0 0.0 0.0 0.0 
5.0 0.6 0.0 0.0 0.0 0.0 
0.0 0.6 0.0 0.0 0.0 0.0 
0.0 0.0 0.0 0.0 0.0 0.0 
0.0 0.0 0.0 0.0 0.0 0.0 
0.0 0.0 0.0 0.0 0.0 0.0 
0.0 0.0 0.0 0.0 0.0 0.0 
0.0 0.0 0.0 0.0 0.0 0.0 
0.0 0.0 0.0 0.5 0.0 0.0 
0.0 0.0 0.0 0.0 0.0 0.0 
0.0 0.0 0.0 0.0 0.0 0.0 
0.0 0.0 0.0 0.0 0.0 0.0 
0.0 0.0 0.0 0.0 0.0 0.0 
8.5 0.4 0.0 0.0 0.0 0.0 
0.0 0.0 0.0 0.0 0.0 0.0 
14.8 3.8 0.0 0.0 0.0 0.0 
9.3 7.0 0.0 0.0 0.0 0.0 
1.6 24.0 0.0 0.0 0.0 0.0 
0.0 0.1 0.0 0.0 0.0 0.0 
0.0 9.3 0.0 0.0 0.0 0.0 
1.4 7.1 0.0 0.0 0.0 0.0 
0.0 0.0 0.0 0.0 0.0 0.0 
0.3 6.8 0.0 0.0 0.0 0.0 
0.0 0.0 0.0 0.0 0.0 0.0 
0.0 0.0 0.0 0.0 0.0 0.0 
0.0 0.0 0.0 4.4 0.0 0.0 
0.0 0.0 0.0 0.0 0.0 0.0 
0.0 0.0 0.0 0.0 0.0 0.0 
0.0 0.1 0.0 0.0 0.0 0.0 
0.0 0.0 0.0 0.0 0.0 0.0 
0.0 0.0 0.0 0.0 0.0 0.0 
0.0 0.0 0.0 0.0 0.0 0.0 
0.0 0.0 0.0 0.0 0.0 0.0 
0.0 0.0 0.0 0.0 0.0 0.0 
0.0 0.0 0.0 0.0 0.0 0.0 
0.0 0.0 0.0 0.0 0.0 0.0 
0.0 0.0 0.0 0.0 0.0 0.0 
0.0 0.0 0.0 0.0 0.0 0.0 
0.0 0.0 0.0 0.0 0.0 0.0 
12.1 3.3 0.0 0.0 0.0 0.0 
0.1 0.0 0.0 3.5 0.0 0.0 
0.0 3.0 0.0 0.0 0.0 3.6 
0.0 0.0 0.0 0.3 0.0 0.0 
0.0 0.0 0.0 0.0 0.0 0.0 
0.0 0.0 0.0 0.0 0.0 0.0 
0.0 0.0 0.0 0.0 0.0 0.0 
2.5 0.0 0.0 0.0 0.0 0.0 
0.0 0.0 0.0 0.0 0.0 0.0 
0.0 0.0 0.0 0.1 0.0 0.0 
0.0 0.0 0.0 0.0 0.0 0.0 
1.2 0.0 0.0 0.0 0.0 0.0 
73.9 31.1 0.0 0.5 0.0 0.0 
0.0 0.3 0.0 7.5 0.0 0.0 
4.3 0.0 0.0 0.0 0.0 0.0 
44.8 14.9 1.3 3.3 0.0 0.0 
18.5 0.0 0.0 0.0 0.0 0.0 
16.1 30.2 0.0 8.1 0.0 0.0 
10.7 4.4 1.3 10.5 0.0 0.0 
0.2 8.6 0.0 12.2 0.0 0.0 
18.9 23.0 0.0 0.9 0.0 0.0 
78.5 22.1 0.0 9.6 0.0 0.0 
0.0 0.8 1.6 0.0 0.0 0.0 
0.0 7.1 0.0 0.0 0.0 0.0 
1.3 13.8 2.7 0.0 0.0 0.0 
1.1 3.1 0.0 0.0 0.0 0.0 
0.0 0.0 0.0 0.0 0.0 0.0 
0.5 0.0 0.0 0.0 0.0 0.0 
0.9 0.8 0.0 0.0 0.0 0.0 
8.6 3.0 0.0 0.0 0.0 0.0 
11.0 27.5 1.6 0.0 2.4 0.0 
1.5 14.9 7.9 0.0 2.3 0.0 
10.8 42.5 87.3 13.4 1.0 0.0 
38.1 58.2 18.7 10.4 0.0 6.0 
24.8 6.8 79.1 6.8 19.2 0.0 
13.2 9.5 45.9 126.3 0.0 0.0 
2.6 3.0 14.3 85.5 0.0 0.0 
9.6 22.1 1.1 0.0 0.0 0.0 
7.5 2.7 1.8 14.0 0.0 0.0 
0.0 13.3 1.0 1.4 9.6 11.0 
0.0 1.9 2.4 2.3 0.0 27.0 
6.1 2.0 11.1 20.5 0.0 0.0 
20.7 33.2 7.0 13.4 0.0 0.0 
0.4 29.2 4.9 2.3 1.4 0.0 
22.7 15.9 2.7 0.0 18.4 7.0 
0.0 0.0 2.5 11.6 2.3 0.0 
2.2 0.0 9.8 0.0 0.0 3.0 
35.1 3.5 72.7 5.3 0.8 7.0 
44.6 28.1 19.2 1.9 0.0 48.0 
8.4 4.3 5.7 3.6 1.7 0.0 
1.7 3.4 19.6 16.0 17.5 5.0 
1.0 7.9 3.0 2.9 0.2 0.0 
0.0 0.0 11.9 5.9 3.5 0.0 
0.7 0.0 3.1 2.5 2.7 10.0 
6.3 0.0 11.0 0.9 0.0 85.0 
0.0 0.0 5.6 2.0 1.0 9.0 
0.3 3.8 5.4 26.7 0.0 7.0 
5.3 4.2 0.6 0.5 0.6 0.0 
1.4 3.4 4.3 0.0 14.4 6.0 
0.0 3.2 0.6 0.0 1.1 25.0 
0.0 0.0 2.7 0.0 7.8 45.0 
7.8 4.0 7.4 5.5 20.8 20.0 
0.3 3.0 5.0 1.0 65.9 10.0 
7.7 5.9 3.7 4.6 1.1 15.0 
12.8 3.3 20.8 7.4 0.7 2.0 
32.0 5.3 37.6 27.9 1.2 7.0 
23.4 16.5 53.9 37.5 7.5 2.0 
18.1 8.7 39.1 30.5 20.6 25.0 
75.5 13.1 23.9 16.0 18.9 63.0 
0.2 2.2 1.4 0.4 1.7 20.0 
0.0 7.4 0.0 0.0 0.7 0.0 
0.0 0.0 0.0 0.5 69.5 0.0 
0.9 16.2 0.6 3.7 10.0 0.0 
1.5 12.3 6.3 4.8 31.0 31.0 
21.9 32.1 45.3 20.2 193.9 63.0 
42.0 6.0 8.1 5.2 45.1 45.0 
10.6 13.7 0.9 32.8 31.2 15.0 
16.6 14.2 3.8 35.8 158.3 30.0 
7.0 2.5 13.8 1.3 12.1 20.0 
17.0 21.4 10.2 25.6 0.0 5.0 
62.8 44.2 0.7 3.0 6.2 0.0 
1.4 6.4 1.3 0.1 32.9 5.0 
8.7 2.5 10.6 0.0 1.5 6.0 
0.0 8.4 13.4 11.0 0.0 0.5 
1.9 11.9 8.2 9.3 0.0 0.0 
6.5 13.7 1.0 0.0 0.1 0.0 
0.0 0.0 7.2 4.7 19.6 15.0 
4.8 0.5 21.0 0.0 2.9 30.0 
0.9 25.1 11.4 5.1 0.1 8.0 
8.5 24.3 7.2 9.6 5.9 0.0 
10.3 7.5 8.3 21.9 30.3 20.0 
0.6 2.6 12.0 0.6 16.7 0.0 
30.4 27.6 9.8 28.9 13.9 0.0 
8.6 10.4 30.8 22.7 1.1 5.0 
31.3 38.1 10.4 4.1 1.0 4.0 
15.0 72.4 0.3 14.4 24.2 0.0 
6.3 46.7 0.0 6.8 4.6 0.0 
10.4 11.3 0.0 0.0 18.1 0.0 
0.0 7.9 0.0 1.5 2.0 2.0 
19.2 7.7 0.0 14.4 0.0 0.0 
9.1 0.0 1.4 3.0 0.0 0.0 
20.3 12.8 0.6 14.9 0.0 0.0 
17.8 25.2 1.0 3.9 2.2 0.0 
0.8 4.1 4.2 13.1 54.2 0.0 
3.4 4.3 0.5 17.2 2.0 0.0 
0.2 3.0 22.3 8.9 63.4 5.0 
0.0 0.0 11.9 2.8 4.8 15.0 
0.0 0.0 1.4 2.7 0.1 2.0 
2.2 1.4 0.2 0.0 10.6 0.0 
7.9 16.7 0.9 6.3 6.6 0.0 
5.1 17.6 55.2 2.2 44.9 22.0 
0.8 1.9 3.9 0.0 2.3 5.0 
0.1 1.4 5.4 0.0 0.0 0.0 
0.0 6.4 2.2 0.0 0.3 0.0 
0.0 0.0 0.8 10.8 0.0 0.0 
0.0 2.1 0.0 13.7 4.2 0.0 
0.0 2.0 22.4 4.9 0.0 0.0 
0.0 9.7 2.1 1.6 4.0 0.0 
0.0 0.7 6.1 0.0 1.1 0.0 
20.9 0.0 1.7 7.1 0.0 0.0 
0.0 1.3 2.0 3.9 4.9 0.0 
1.0 1.3 0.9 2.8 0.0 0.0 
10.9 12.8 0.0 49.8 0.0 0.0 
0.5 5.0 0.7 0.1 0.0 0.0 
0.0 0.0 0.0 0.0 0.0 0.0 
0.0 0.0 0.0 0.0 0.0 0.0 
0.0 0.0 0.8 0.0 0.0 0.0 
0.0 0.6 0.5 0.0 0.0 0.0 
0.0 0.0 0.0 0.0 0.0 0.0 
0.0 3.9 0.0 18.8 0.0 0.0 
35.0 0.0 6.4 13.7 0.0 0.0 
13.4 7.8 0.0 8.6 0.0 0.0 
4.5 108.1 0.0 9.3 0.0 0.0 
1.2 1.7 0.0 2.6 0.0 0.0 
17.8 3.7 1.3 3.1 0.0 0.0 
2.3 0.4 0.0 0.0 0.0 0.0 
0.3 0.0 0.0 0.0 47.2 0.0 
2.2 12.3 4.1 0.0 14.9 0.0 
0.0 3.1 0.6 0.0 13.9 0.0 
0.0 2.2 0.0 0.8 0.7 0.0 
5.5 35.6 0.0 1.1 0.0 0.0 
5.0 0.0 0.0 0.0 0.0 0.0 
0.0 0.0 0.0 0.0 0.0 0.0 
0.0 0.0 0.0 0.0 0.0 0.0 
0.0 0.0 0.0 0.0 0.0 0.0 
0.0 0.0 0.0 0.0 0.0 0.0 
0.0 0.0 0.0 0.0 0.0 0.0 
0.0 0.0 0.0 0.0 0.0 0.0 
0.0 0.0 0.0 0.0 0.0 0.0 
0.0 0.0 0.0 0.0 0.0 0.0 
0.0 0.0 0.0 0.0 0.0 0.0 
0.0 0.0 0.0 0.0 0.0 0.0 
0.0 0.0 0.0 0.0 0.0 0.0 
0.0 0.0 0.0 0.0 0.0 0.0 
0.0 0.0 0.0 0.0 0.0 0.0 
0.0 0.0 0.0 0.0 0.0 0.0 
0.0 0.0 0.0 0.0 0.0 0.0 
0.0 0.0 0.0 0.0 0.0 0.0 
0.0 0.0 0.0 0.0 0.0 0.0 
0.0 0.0 0.0 0.0 0.3 0.0 
0.0 0.0 0.0 0.0 0.0 0.0 
1.5 0.0 0.0 0.0 0.0 0.0 
37.1 105.3 0.0 9.1 0.0 0.0 
11.4 43.1 0.3 2.7 0.0 0.0 
0.6 0.0 0.0 0.0 0.0 0.0 
0.0 0.0 0.0 0.0 0.0 0.0 
0.0 0.0 0.0 0.0 0.0 0.0 
0.0 0.0 0.0 0.0 0.0 0.0 
0.0 0.0 0.0 0.0 0.0 0.0 
0.0 0.0 0.0 0.0 0.0 0.0 
0.0 0.0 0.0 0.0 0.0 0.0 
9.8 0.7 0.0 0.0 0.0 0.0 
0.8 0.0 0.0 0.0 0.0 0.0 
0.0 0.0 0.0 0.0 0.0 0.0 
0.0 0.0 0.0 0.0 0.0 0.0 
0.0 0.0 0.0 0.0 0.0 0.0 
0.0 0.0 0.0 0.0 0.0 0.0 
0.0 0.0 0.0 0.0 0.0 0.0 
0.0 0.0 0.0 0.0 0.0 0.0 
0.0 0.0 0.0 0.0 0.0 0.0 
0.0 0.0 0.0 0.0 0.0 0.0 
0.0 0.0 0.0 0.0 0.0 0.0 
0.0 0.0 0.0 0.0 0.0 0.0 
0.0 0.0 0.0 0.0 0.0 0.0 
0.0 0.0 0.0 0.0 0.0 0.0 
0.0 0.0 0.0 0.0 0.0 0.0 
0.0 0.0 0.0 0.0 0.0 0.0 
0.0 0.0 0.0 0.0 0.0 0.0 
0.0 0.0 0.0 0.0 0.0 0.0 
0.0 0.0 0.0 0.0 0.0 0.0 
0.0 0.0 0.0 0.0 0.0 0.0 
0.0 0.0 0.0 0.0 0.0 0.0 
0.0 0.0 0.0 0.0 0.0 0.0 
0.0 0.0 0.0 0.0 0.0 0.0 
0.0 0.0 0.0 0.0 0.0 0.0 
0.0 0.0 0.0 0.0 0.0 0.0 
0.0 0.0 0.0 0.0 0.0 0.0 
0.0 0.0 0.0 0.0 0.0 0.0 
0.2 0.0 0.0 0.0 0.0 0.0 
0.0 0.0 0.0 0.0 0.0 0.0 
0.0 0.0 0.0 0.0 0.0 0.0 
0.0 0.0 0.0 0.0 0.0 0.0 
0.0 0.0 0.0 0.0 0.0 0.0 
0.0 0.0 0.0 0.0 0.0 0.0 
0.0 0.0 0.0 0.0 0.0 0.0 
0.0 0.0 0.0 0.0 0.0 0.0 
0.0 0.0 0.0 0.0 0.0 0.0 
0.0 0.0 0.0 0.0 0.0 0.0 
0.0 0.0 0.0 0.0 0.0 0.0 
0.0 0.0 0.0 0.0 0.0 0.0 
0.0 0.0 0.0 0.0 0.0 0.0 
0.0 0.0 0.0 0.0 0.0 0.0 
0.0 0.0 0.0 0.0 0.0 0.0 
0.0 0.0 0.0 0.0 0.0 0.0 
0.0 0.0 0.0 0.0 0.0 0.0 
0.0 0.0 0.0 0.0 0.0 0.0 
0.0 0.0 0.0 0.0 0.0 0.0 
0.0 0.0 0.0 0.0 0.0 0.0 
0.0 0.0 0.0 0.0 0.0 0.0 
0.0 0.0 0.0 0.0 0.0 0.0 
0.0 0.0 0.0 0.0 0.0 0.0 
0.0 0.0 0.0 0.0 0.0 0.0 
0.0 0.0 0.0 0.0 0.0 0.0 
0.0 0.0 0.0 0.0 0.0 0.0 
0.0 0.0 0.0 0.0 0.0 0.0 
0.0 0.0 0.0 0.0 0.0 0.0 
0.0 0.0 0.0 0.0 0.0 0.0 
0.0 0.0 0.0 0.0 0.0 0.0 
0.0 0.0 0.0 0.0 0.0 0.0 
0.0 0.0 0.0 0.0 0.0 0.0 
0.0 0.0 0.0 0.0 0.0 0.0 
0.0 0.0 0.0 0.0 0.0 0.0 
0.0 0.0 0.0 0.0 0.0 0.0 
0.0 0.0 0.0 0.0 0.0 0.0 
0.0 0.0 0.0 0.0 0.0 0.0 
0.0 0.0 0.0 0.0 0.0 0.0 
0.0 0.0 0.0 0.0 0.0 0.0 
0.0 0.0 0.0 0.0 0.0 0.0 
0.0 0.0 0.0 0.0 0.0 0.0 
0.0 0.0 0.0 0.0 0.0 0.0 
0.0 0.0 0.0 0.0 0.0 0.0 
0.2 0.0 0.0 0.0 0.0 0.0 
1.4 4.3 0.0 4.5 0.0 0.0 
0.0 0.0 0.0 0.0 0.0 0.0 
0.0 0.0 0.0 0.0 0.0 0.0 
0.0 0.0 0.0 0.0 0.0 0.0 
0.0 0.0 0.0 0.0 0.0 0.0 
22.4 28.4 0.0 5.7 0.0 0.0 
0.0 0.0 0.0 0.0 0.0 0.0 
1.9 0.0 0.0 0.0 0.0 0.0 
0.0 0.0 0.0 0.0 0.0 0.0 
0.0 0.0 0.0 0.0 0.0 0.0 
0.0 0.0 0.0 0.0 0.0 0.0 
0.0 0.0 0.0 0.0 0.0 0.0 
0.0 0.0 0.0 0.0 0.0 0.0 
0.0 0.0 0.0 0.0 0.0 0.0 
0.0 0.0 0.0 0.0 0.0 0.0 
1.0 0.0 0.0 0.0 0.0 0.0 
6.2 14.0 0.0 0.0 0.0 0.0 
0.0 0.0 0.0 0.0 0.0 0.0 
0.0 0.0 0.0 0.0 0.0 0.0 
8.2 3.5 0.0 0.0 0.0 0.0 
0.0 0.0 0.0 0.0 0.0 0.0 
0.0 0.0 0.0 0.0 0.0 0.0 
0.0 0.0 0.0 0.0 0.0 0.0 
0.0 0.0 0.0 0.0 0.0 0.0 
0.0 0.0 0.0 0.0 0.0 0.0 
0.0 0.0 0.0 0.0 0.0 0.0 
0.0 0.7 0.0 0.0 0.0 0.0 
0.0 0.0 0.0 0.0 0.0 0.0 
0.0 0.0 0.0 0.0 0.0 0.0 
0.0 0.0 0.0 0.0 0.0 0.0 
0.0 0.0 0.0 0.0 0.0 0.0 
0.0 0.0 0.0 0.0 0.0 0.0 
0.0 0.0 0.0 0.0 0.0 0.0 
0.0 0.0 0.0 0.0 0.0 0.0 
0.0 0.0 0.0 0.0 0.0 0.0 
6.4 0.7 0.0 0.6 0.0 0.0 
0.0 0.4 0.0 0.0 0.0 0.0 
0.1 0.0 0.0 0.0 0.0 0.0 
0.7 0.4 0.0 0.0 0.0 0.0 
0.0 0.0 0.0 0.0 0.0 0.0 
0.0 0.0 0.0 0.0 0.0 0.0 
0.0 0.0 0.0 3.0 0.0 0.0 
0.0 0.0 0.0 0.0 0.0 0.0 
0.0 0.0 0.0 0.0 0.0 0.0 
0.0 0.0 0.0 0.0 0.0 0.0 
0.0 0.0 0.0 0.0 0.0 0.0 
0.0 0.0 0.0 0.0 0.0 0.0 
0.0 0.0 0.0 0.0 0.0 0.0 
0.0 0.0 0.0 0.0 0.0 0.0 
0.0 0.0 0.0 0.0 0.0 0.0 
0.0 0.0 0.0 0.0 0.0 0.0 
0.0 0.0 0.0 0.0 0.0 0.0 
0.0 0.0 0.0 0.0 0.0 0.0 
0.0 0.0 0.0 0.0 0.0 0.0 
0.0 0.0 0.0 0.0 0.0 0.0 
0.0 0.0 0.0 0.0 0.0 0.0 
0.0 0.0 0.0 0.0 0.0 0.0 
0.0 0.1 0.0 0.0 0.0 0.0 
13.7 0.4 0.0 0.0 0.0 0.0 
0.0 0.0 0.0 0.0 0.0 0.0 
0.0 0.0 0.0 0.0 0.0 0.0 
0.0 0.0 0.0 0.0 0.0 0.0 
0.0 0.0 0.0 0.0 0.0 0.0 
0.0 0.0 0.0 0.0 0.0 0.0 
0.0 0.0 0.0 0.0 0.0 0.0 
0.0 0.0 0.0 0.0 0.0 0.0 
1.9 12.2 0.0 0.0 0.0 0.0 
0.2 0.0 0.0 0.0 0.0 0.0 
3.4 0.4 0.0 0.0 0.0 0.0 
0.0 0.0 0.0 0.0 0.0 0.0 
0.0 0.0 0.0 0.0 0.0 0.0 
0.0 0.0 0.0 0.0 0.0 0.0 
0.0 0.0 0.0 0.0 0.0 0.0 
2.6 15.5 0.0 0.0 0.0 0.0 
13.5 23.1 0.0 0.0 0.0 0.0 
0.0 3.4 0.0 0.0 0.0 0.0 
0.0 0.0 0.0 0.0 0.0 0.0 
28.8 10.8 16.3 1.7 0.0 6.0 
0.3 0.0 0.2 0.2 0.0 0.0 
0.0 0.0 0.1 10.4 0.0 0.0 
0.0 0.0 0.0 0.0 0.0 0.0 
2.2 2.0 0.0 1.2 0.0 0.0 
0.9 0.2 0.0 0.0 0.0 0.0 
0.0 0.1 0.0 0.0 0.0 0.0 
18.9 19.7 0.0 0.0 0.0 0.0 
10.2 37.8 0.4 0.0 0.0 0.0 
1.3 7.2 0.0 0.0 0.0 0.0 
0.5 7.1 0.0 0.0 0.0 0.0 
5.8 24.1 0.0 0.0 0.0 0.0 
6.9 1.5 0.0 0.0 0.0 0.0 
2.7 1.0 0.7 1.3 0.0 0.0 
4.8 1.7 0.6 1.7 0.0 0.0 
0.8 0.0 0.0 0.0 0.0 0.0 
1.1 0.0 0.0 0.0 0.0 0.0 
0.0 0.0 0.0 0.0 0.0 0.0 
0.0 0.0 0.0 0.0 0.0 0.0 
0.0 1.5 0.0 0.0 0.0 0.0 
0.5 0.0 0.0 0.0 0.0 0.0 
0.0 0.0 0.0 0.0 0.0 0.0 
0.0 0.0 0.0 0.0 0.0 0.0 
2.2 10.9 0.0 0.0 0.0 0.0 
0.1 0.0 0.0 0.0 0.0 0.0 
0.0 1.9 0.0 0.3 0.0 0.0 
15.3 0.0 1.1 0.0 0.0 0.0 
0.0 3.6 0.0 0.0 0.0 0.0 
0.0 0.0 0.0 0.0 0.0 0.0 
0.0 0.2 0.0 6.8 0.0 0.0 
0.0 9.6 0.0 0.0 0.0 0.0 
0.0 0.0 0.0 0.4 0.0 0.0 
0.4 0.0 0.0 0.6 0.0 0.0 
0.0 0.0 0.0 0.0 0.0 0.0 
0.0 0.4 0.0 0.0 0.0 0.0 
0.0 0.0 0.0 0.0 0.0 0.0 
5.1 8.0 0.0 0.0 0.0 0.0 
0.0 0.0 0.0 0.0 0.0 0.0 
0.0 0.0 0.0 0.0 0.0 0.0 
0.0 0.0 0.0 0.0 0.0 0.0 
0.0 0.0 0.0 0.0 0.0 0.0 
0.0 0.0 0.0 0.0 0.0 0.0 
0.0 0.6 0.0 0.0 0.0 0.0 
0.0 0.0 0.0 0.0 0.0 0.0 
16.1 2.2 0.0 0.0 0.0 0.0 
0.0 0.0 0.0 0.0 0.0 0.0 
0.0 0.0 0.0 0.0 0.0 0.0 
0.0 0.0 0.0 0.0 0.0 0.0 
0.0 0.0 0.0 0.0 0.0 0.0 
0.0 0.0 0.0 0.0 0.0 0.0 
0.0 1.8 0.0 0.0 0.0 0.0 
21.8 45.3 0.0 0.0 0.0 0.0 
13.6 17.3 0.0 0.0 0.0 0.0 
17.9 0.8 0.0 2.5 0.0 0.0 
16.6 2.5 0.0 1.5 0.0 0.0 
7.8 0.2 0.0 0.0 0.0 0.0 
0.0 1.9 0.0 0.0 0.0 0.0 
6.0 26.5 0.0 0.0 0.0 0.0 
0.9 1.6 0.0 0.5 0.0 0.0 
4.7 0.0 0.0 2.2 0.0 0.0 
0.8 0.1 0.0 6.5 0.0 0.0 
27.0 1.6 0.0 0.0 0.0 0.0 
1.5 12.2 0.0 0.0 0.0 0.0 
0.0 0.0 0.0 0.0 0.0 0.0 
0.0 0.2 0.0 0.0 0.0 0.0 
0.0 1.0 0.0 0.0 0.0 0.0 
0.0 0.0 0.0 0.0 0.0 0.0 
0.0 0.0 0.0 0.0 7.0 0.0 
0.4 0.1 0.0 0.7 0.0 0.0 
2.0 23.3 0.0 0.0 0.0 0.0 
0.0 0.0 0.0 0.0 0.0 0.0 
0.0 0.0 0.0 6.7 0.0 0.0 
0.0 4.0 0.0 2.7 0.0 0.0 
0.0 6.0 0.0 0.0 0.1 0.0 
31.6 0.1 0.0 6.7 0.0 0.0 
0.1 1.8 0.0 6.0 0.0 0.0 
0.6 0.0 0.0 0.0 0.9 0.0 
0.0 7.7 5.0 0.0 36.2 32.0 
0.0 4.4 0.0 0.0 0.0 0.0 
0.2 0.9 5.6 8.7 0.0 0.0 
2.7 14.7 1.0 0.6 0.0 0.0 
4.1 1.8 25.6 14.1 0.0 0.0 
5.0 0.2 10.6 0.9 0.0 0.0 
1.3 2.1 18.7 6.2 0.0 0.0 
22.6 11.1 56.8 21.7 0.7 0.0 
43.3 9.3 84.3 21.0 1.1 7.0 
92.1 13.1 54.7 60.1 2.5 0.0 
13.1 8.5 17.4 66.0 13.1 0.0 
0.7 1.7 1.6 1.2 0.8 0.0 
6.8 1.0 3.0 22.4 0.0 3.0 
4.2 19.9 22.4 8.4 0.0 0.0 
17.8 40.3 22.0 5.6 27.1 0.0 
0.4 0.0 41.7 17.5 3.2 10.0 
8.2 0.3 15.5 4.2 0.8 6.0 
0.2 26.7 0.6 0.0 7.4 0.0 
1.0 4.2 1.5 0.0 9.5 20.0 
0.0 16.2 9.3 0.0 4.8 10.0 
19.3 17.1 25.6 19.3 0.0 8.0 
37.1 63.7 10.2 15.4 0.0 0.0 
6.7 6.0 7.1 37.1 0.0 0.0 
0.0 0.0 4.4 0.6 6.1 0.0 
2.9 7.6 3.6 0.7 0.0 0.0 
1.5 14.7 20.9 2.1 0.0 0.0 
18.6 0.2 1.2 0.0 26.5 22.0 
0.6 39.8 10.4 0.6 38.9 8.0 
1.0 19.6 5.9 1.9 29.9 0.0 
61.3 0.7 8.5 4.9 12.3 10.0 
25.2 42.1 36.7 6.0 0.1 2.0 
39.3 46.0 43.1 10.1 0.0 0.0 
5.6 17.9 6.4 7.0 0.0 0.0 
10.7 0.9 1.7 19.8 13.7 0.0 
8.3 20.3 28.7 66.6 7.0 45.0 
13.5 1.9 3.1 15.1 37.8 2.0 
11.5 7.9 1.8 2.9 4.6 5.0 
2.6 0.0 0.0 0.0 0.1 0.0 
10.7 36.4 0.0 0.0 0.0 0.0 
33.7 11.5 11.5 75.3 0.8 0.0 
11.1 14.0 30.7 5.7 25.3 0.0 
11.2 6.0 3.6 6.9 2.0 0.0 
18.2 8.6 19.0 19.8 18.6 0.0 
9.5 2.1 36.0 36.4 17.1 15.0 
0.0 3.2 2.0 0.0 1.4 8.0 
1.3 63.1 3.8 3.3 5.1 15.0 
8.5 6.0 38.6 7.9 3.1 2.0 
10.6 52.9 18.5 41.1 2.8 0.0 
49.2 13.7 153.3 153.5 150.3 10.0 
0.0 2.4 9.0 0.0 7.1 50.0 
0.0 10.0 0.0 0.0 0.0 0.0 
10.1 0.0 0.0 0.0 0.0 0.0 
1.5 13.1 0.5 0.0 0.0 0.0 
3.2 34.9 29.8 22.8 0.0 0.0 
1.6 36.6 14.7 2.3 8.0 3.0 
15.7 18.4 7.7 5.4 0.6 0.0 
24.9 37.5 13.3 1.0 0.0 2.0 
1.2 1.0 114.6 4.4 0.0 0.0 
46.9 32.1 9.8 1.7 0.0 0.0 
1.0 6.8 2.9 1.4 0.0 0.0 
44.4 6.2 13.2 5.4 0.7 3.0 
1.7 0.2 4.7 6.0 22.1 2.0 
11.4 5.1 10.0 5.0 10.8 5.0 
17.8 35.2 5.4 3.8 0.0 0.0 
58.4 30.4 0.6 2.3 15.6 2.0 
4.6 23.6 4.0 10.0 0.2 0.0 
0.0 0.4 0.3 2.8 1.2 3.0 
1.0 0.0 0.0 1.9 0.0 0.0 
0.1 4.1 0.0 14.6 2.7 3.0 
5.5 0.5 0.4 0.0 0.0 0.0 
24.0 13.5 1.3 3.3 33.6 54.3 
22.6 17.0 17.4 17.5 3.9 5.1 
10.4 36.2 45.2 12.5 21.3 20.0 
0.3 4.3 22.0 23.1 24.5 25.2 
12.9 2.1 7.1 1.7 70.7 73.2 
11.8 4.3 0.0 0.0 144.1 43.4 
0.0 0.7 0.4 0.0 28.0 5.5 
29.2 0.1 0.0 0.0 2.5 0.0 
7.5 27.6 0.0 0.3 0.0 2.0 
0.7 8.8 17.9 20.4 0.0 0.0 
2.5 35.1 22.7 45.3 0.0 0.0 
15.3 48.0 21.4 22.8 26.2 5.0 
39.2 21.0 17.0 11.8 5.0 0.0 
4.1 9.4 11.0 8.9 49.2 5.0 
3.8 3.3 0.3 2.7 31.6 0.0 
1.4 4.7 0.1 8.2 0.1 2.0 
0.0 0.2 12.2 0.7 0.0 15.0 
2.8 41.7 4.2 4.6 0.0 10.0 
0.9 5.6 12.4 4.5 0.0 5.0 
46.2 14.5 3.9 53.8 0.0 0.0 
4.8 1.1 5.0 1.6 0.3 0.0 
0.2 8.3 1.8 12.5 8.4 0.0 
0.0 0.0 0.0 3.9 0.5 0.0 
0.9 0.0 3.0 0.0 0.0 0.0 
5.4 11.7 0.5 0.0 1.1 0.0 
35.4 12.0 0.0 0.1 0.0 0.0 
0.2 1.6 0.0 0.0 0.2 0.0 
9.2 5.0 0.0 4.1 0.0 0.0 
5.0 0.8 0.0 0.0 0.0 0.0 
26.4 14.3 0.0 0.2 0.0 0.0 
12.4 11.2 0.0 0.2 0.0 0.0 
0.2 0.1 0.0 1.9 0.0 0.0 
0.0 3.6 0.0 1.9 0.9 0.0 
1.0 15.4 0.0 5.8 0.4 0.0 
9.8 15.3 0.0 2.2 0.0 0.0 
7.2 18.0 1.8 0.0 0.0 0.0 
0.0 3.7 2.9 3.2 0.0 0.0 
0.0 0.0 0.0 0.2 0.0 0.0 
0.4 0.0 0.0 3.6 0.0 0.0 
0.0 0.0 0.0 0.5 18.1 0.0 
0.0 0.0 2.0 21.4 0.0 0.0 
0.0 0.0 0.8 12.3 0.0 0.0 
0.0 0.0 0.0 1.4 0.0 0.0 
0.2 11.8 0.0 0.0 0.0 0.0 
0.0 0.0 0.0 0.0 0.0 0.0 
0.0 0.0 0.0 0.0 12.2 0.0 
0.0 4.8 1.7 0.0 0.0 0.0 
0.0 0.0 0.0 0.0 0.0 0.0 
0.0 0.0 0.0 0.0 0.0 0.0 
0.0 0.0 2.4 0.0 0.0 0.0 
0.2 0.0 0.0 0.0 0.0 0.0 
0.0 0.0 0.0 0.0 0.0 0.0 
0.0 0.0 0.0 0.0 0.0 0.0 
0.0 0.0 0.0 0.0 13.9 0.0 
0.0 0.0 1.2 10.9 2.6 0.0 
0.0 0.0 7.9 2.9 0.0 0.0 
0.0 0.0 0.0 0.0 0.0 0.0 
1.7 1.3 4.3 0.5 17.5 0.0 
0.0 0.0 0.0 1.0 0.0 0.0 
0.0 0.0 0.0 0.0 0.0 0.0 
0.0 0.0 0.0 0.0 0.5 0.0 
0.0 0.0 0.3 1.3 0.5 0.0 
0.0 0.0 3.4 8.3 2.1 0.0 
0.2 0.0 0.0 0.6 1.1 0.0 
0.0 0.0 0.2 1.0 0.0 0.0 
0.0 0.0 0.1 1.2 0.0 0.0 
0.0 0.0 0.0 0.0 0.0 0.0 
0.0 0.0 0.0 0.0 0.0 0.0 
0.0 0.0 0.0 0.0 0.0 0.0 
0.0 0.0 0.0 0.0 0.0 0.0 
0.0 0.0 0.0 0.0 0.0 0.0 
0.0 0.0 0.0 0.0 0.0 0.0 
0.0 0.0 0.0 0.0 0.0 0.0 
0.0 0.0 0.0 0.0 0.0 0.0 
28.0 2.2 0.0 0.0 0.0 14.8 
0.0 0.2 0.0 0.0 0.0 0.0 
0.0 0.0 15.7 0.0 1.4 11.4 
0.3 0.0 7.1 0.0 0.0 0.0 
0.5 5.2 0.0 0.0 0.0 0.0 
0.0 0.4 0.0 0.0 0.0 0.0 
0.0 0.0 0.0 0.0 0.0 0.0 
0.0 0.0 0.0 0.0 0.0 0.0 
0.0 0.0 3.9 0.0 0.2 0.0 
0.0 0.0 7.3 8.2 0.2 2.8 
7.3 0.4 8.7 3.9 0.0 0.0 
0.0 0.0 0.0 0.0 8.7 0.0 
0.0 0.0 0.0 0.0 29.5 0.0 
0.0 0.0 0.0 0.0 26.1 6.9 
0.0 0.0 0.0 0.0 0.0 0.0 
0.0 0.0 0.0 4.9 0.0 0.0 
0.0 0.0 2.4 11.3 0.3 16.5 
0.0 0.0 0.8 2.2 0.0 0.0 
0.0 0.0 0.0 0.0 0.0 0.0 
0.0 0.0 0.0 4.1 0.0 0.0 
0.0 0.0 0.7 3.4 0.6 0.0 
6.9 1.8 0.3 4.8 0.0 0.0 
0.4 1.1 1.0 4.9 0.0 0.0 
0.0 0.0 4.2 0.4 0.0 0.0 
0.0 0.0 0.7 0.4 1.6 2.2 
0.8 0.0 0.3 0.0 0.0 0.0 
0.0 0.0 3.2 0.0 10.5 0.0 
0.0 0.0 0.0 0.0 1.4 0.0 
0.0 0.0 10.2 0.0 58.2 0.0 
0.2 0.7 4.0 0.0 7.2 0.0 
5.2 3.1 2.4 11.9 0.0 0.0 
5.6 3.1 5.8 0.0 0.0 0.0 
0.0 0.0 0.0 0.0 0.0 0.0 
0.0 0.0 0.0 0.0 0.3 0.0 
12.5 4.5 0.5 0.0 0.0 0.0 
4.5 2.9 0.0 0.0 0.0 0.0 
0.0 0.0 0.0 0.0 0.0 0.0 
0.0 0.0 0.0 0.0 0.0 0.0 
0.0 0.0 0.0 0.0 0.0 0.0 
0.0 0.0 0.0 0.0 0.0 0.0 
0.0 0.0 0.0 0.0 0.0 0.0 
0.0 0.0 0.0 0.0 0.0 0.0 
0.0 0.0 0.0 0.0 0.0 0.0 
0.0 0.0 0.0 0.0 0.0 0.0 
0.0 0.0 0.0 0.0 0.0 0.0 
0.0 0.0 0.0 0.0 0.0 0.0 
0.0 0.0 0.0 0.0 0.0 0.0 
0.0 0.0 0.0 0.0 0.0 0.0 
0.0 0.0 4.2 35.9 0.0 0.0 
0.0 0.0 15.8 1.1 0.0 0.0 
0.0 0.0 15.3 0.7 0.0 0.0 
0.0 0.0 9.6 29.5 0.0 0.0 
0.0 0.0 0.0 0.0 0.0 0.0 
0.0 0.0 0.0 0.0 0.0 0.0 
0.0 0.0 0.0 0.0 0.0 0.0 
0.0 0.0 0.0 0.0 0.0 0.0 
0.0 0.0 0.0 0.0 0.0 0.0 
0.0 0.0 0.0 0.0 0.0 0.0 
0.0 0.0 0.0 0.0 0.0 0.0 
0.0 0.0 0.0 0.0 0.0 0.0 
0.0 0.0 0.0 0.0 0.0 0.0 
0.0 0.0 0.0 0.0 0.0 0.0 
0.0 0.0 0.0 0.0 0.0 0.0 
0.0 0.0 0.0 0.0 0.0 0.0 
0.0 0.0 0.0 0.0 0.0 0.0 
0.0 0.0 0.0 0.0 0.0 0.0 
0.0 0.0 0.0 0.0 0.0 0.0 
0.0 0.0 0.0 0.0 0.0 0.0 
0.0 0.0 0.0 0.0 0.0 0.0 
2.0 1.9 0.0 0.0 0.0 0.0 
3.0 11.5 0.0 0.0 0.0 0.0 
0.3 1.5 10.2 9.8 0.0 0.0 
4.3 6.9 0.0 12.3 0.0 0.0 
13.9 16.4 0.0 0.0 0.0 0.0 
0.0 0.0 4.2 0.0 0.0 0.0 
0.0 0.0 0.0 0.0 0.0 0.0 
0.0 0.0 0.8 0.0 0.0 0.0 
15.2 0.8 4.6 11.0 0.0 0.0 
7.8 2.3 12.1 5.8 0.0 0.0 
2.2 0.0 55.9 40.0 0.0 0.0 
0.3 0.0 4.4 13.5 0.0 0.0 
0.5 0.5 0.0 8.1 0.0 0.0 
0.0 0.0 0.0 0.0 0.0 0.0 
0.0 0.0 0.0 0.0 0.0 0.0 
0.0 0.0 0.0 0.0 0.0 0.0 
0.0 0.0 0.0 0.0 0.0 0.0 
0.0 0.0 0.8 1.6 0.0 0.0 
0.0 11.4 0.0 0.0 0.0 0.0 
0.0 0.0 0.0 0.0 0.0 0.0 
0.0 0.0 0.0 0.5 0.0 0.0 
0.0 0.0 0.0 0.0 0.0 0.0 
0.0 0.0 0.0 0.0 0.0 0.0 
0.0 0.0 0.0 0.0 0.0 0.0 
0.0 0.0 0.0 0.0 0.0 0.0 
0.0 0.0 0.0 0.0 0.0 0.0 
0.0 0.0 0.0 0.0 0.0 0.0 
0.0 0.0 0.0 0.0 0.0 0.0 
0.0 0.0 0.0 0.0 0.0 0.0 
0.0 0.0 0.0 0.0 0.0 0.0 
0.0 0.0 0.0 0.0 0.0 0.0 
0.0 0.0 0.5 3.9 0.0 0.0 
4.4 7.8 0.0 1.6 0.0 0.0 
0.0 0.1 0.0 0.0 0.0 0.0 
0.1 0.0 0.0 0.0 0.0 0.0 
0.0 0.0 0.0 0.0 0.0 0.0 
0.0 0.0 0.0 0.0 0.0 0.0 
1.4 2.9 0.0 11.6 0.0 0.0 
0.0 1.3 5.3 14.5 0.0 0.0 
9.4 33.0 0.2 3.7 0.0 0.0 
5.9 4.0 0.0 0.6 0.0 0.0 
0.0 0.0 0.0 0.0 0.0 0.0 
0.0 0.0 0.0 0.0 0.0 0.0 
0.0 0.0 0.0 0.0 0.0 0.0 
0.0 0.0 0.0 0.0 0.0 0.0 
0.0 0.0 0.0 0.0 0.0 0.0 
0.0 0.0 0.0 1.0 0.0 0.0 
0.0 0.0 0.7 0.0 0.0 0.0 
7.3 1.0 1.6 0.4 0.0 0.0 
10.2 6.1 0.0 0.0 0.0 0.0 
0.0 0.0 0.0 0.0 0.0 0.0 
0.0 0.0 0.0 0.0 0.0 0.0 
0.0 0.7 0.0 0.0 0.0 0.0 
0.0 0.0 4.4 0.0 0.0 0.0 
62.5 51.5 12.7 15.7 0.0 0.0 
34.0 53.7 0.0 8.2 0.0 0.0 
0.0 0.0 0.0 0.0 0.0 0.0 
0.0 0.0 0.9 0.0 0.0 0.0 
0.0 0.0 4.9 0.0 25.4 0.0 
0.3 0.0 6.7 6.4 9.0 0.0 
0.0 0.0 0.0 0.0 0.0 0.0 
0.0 0.0 0.0 0.0 0.0 0.0 
0.0 0.0 0.0 0.0 0.0 0.0 
0.0 0.0 2.5 0.9 0.0 0.0 
0.0 0.0 0.0 3.3 0.0 0.0 
5.2 87.2 0.0 0.2 0.0 0.0 
12.3 9.1 0.0 0.0 0.0 0.0 
0.0 0.0 0.0 0.0 0.0 0.0 
0.0 0.0 0.0 0.0 0.0 0.0 
0.0 0.0 0.0 0.0 0.0 0.0 
0.0 0.0 0.0 1.4 0.0 0.0 
20.9 24.1 40.7 30.8 1.4 0.0 
8.0 18.4 0.0 0.0 0.0 0.0 
0.0 0.0 0.0 0.0 0.0 0.0 
0.0 0.0 0.0 0.0 0.0 0.0 
0.0 0.0 0.0 0.0 0.0 0.0 
0.0 0.0 0.0 0.0 0.0 0.0 
3.8 1.1 0.4 0.6 0.0 0.0 
0.1 0.0 0.0 0.0 0.0 0.0 
0.4 0.0 0.0 0.0 0.0 0.0 
0.0 0.0 0.0 0.2 0.0 0.0 
0.0 0.0 1.2 0.0 0.0 0.0 
0.0 10.0 0.0 0.0 0.0 0.0 
0.0 0.0 0.7 0.0 0.0 0.0 
0.0 0.0 0.0 0.0 0.0 0.0 
0.0 0.0 0.7 0.0 0.0 0.0 
0.0 0.0 0.1 0.5 0.0 0.0 
0.0 0.0 3.9 20.6 0.0 0.0 
1.0 0.4 4.6 28.7 0.0 0.0 
0.6 0.0 0.1 5.6 0.0 0.0 
0.1 0.0 0.0 0.0 0.0 0.0 
0.3 0.0 0.0 0.0 0.0 0.0 
0.0 0.0 0.0 0.0 0.0 0.0 
0.0 0.0 0.0 0.0 0.0 0.0 
0.0 0.0 0.0 0.0 0.0 0.0 
2.5 0.0 0.0 0.0 0.0 0.0 
12.3 1.3 0.0 0.0 0.0 0.0 
2.5 10.7 0.0 0.5 0.0 0.0 
0.0 0.0 0.1 7.3 0.0 0.0 
0.0 10.7 0.3 15.9 0.0 0.0 
0.0 0.0 0.5 0.0 0.0 0.0 
4.9 5.0 5.4 0.0 0.0 0.0 
0.0 0.0 0.0 0.0 0.0 0.0 
0.0 0.0 0.0 0.0 0.0 0.0 
4.8 11.4 0.0 0.0 0.0 0.0 
0.0 0.2 0.0 0.0 0.0 0.0 
6.5 0.7 0.0 0.0 0.0 0.0 
1.2 0.0 0.2 0.0 0.0 0.0 
20.9 2.5 0.0 0.0 0.0 0.0 
0.0 0.0 0.0 0.0 0.0 0.0 
27.8 10.4 0.0 0.0 0.0 0.0 
3.0 0.0 0.5 10.3 0.0 0.0 
0.0 0.0 0.0 1.0 0.0 0.0 
2.2 1.6 2.6 28.1 0.0 0.0 
0.0 0.0 0.0 12.8 0.0 0.0 
0.0 0.0 0.0 6.4 0.0 0.0 
0.0 0.0 0.0 2.0 0.0 0.0 
0.0 0.0 0.0 0.0 0.0 0.0 
0.0 0.2 0.0 0.0 0.0 0.0 
0.0 5.5 0.0 0.0 0.0 0.0 
1.4 5.1 0.0 0.0 0.0 0.0 
0.3 0.0 0.0 0.0 0.0 0.0 
1.3 4.8 0.0 0.0 0.0 0.0 
0.0 0.0 0.0 0.0 0.0 0.0 
0.0 0.0 0.0 0.0 0.0 0.0 
0.0 0.0 0.0 0.0 0.0 0.0 
0.0 0.0 0.0 0.0 0.0 0.0 
0.0 10.1 0.0 0.0 0.0 0.0 
6.4 2.9 0.0 0.0 0.0 0.0 
8.1 12.0 0.0 0.0 0.0 0.0 
0.2 4.9 0.0 0.0 0.0 0.0 
0.0 0.0 0.0 0.0 0.0 0.0 
6.7 0.0 0.0 0.0 0.0 0.0 
0.0 0.0 0.0 0.0 0.0 0.0 
0.0 0.0 0.0 0.0 0.0 0.0 
0.0 0.0 0.0 0.0 0.0 0.0 
0.0 0.0 0.0 0.0 0.0 0.0 
0.0 0.0 0.0 0.0 0.0 0.0 
0.5 5.4 0.0 0.0 0.0 0.0 
16.5 0.0 0.0 0.5 0.0 0.0 
0.0 0.0 0.0 6.3 0.0 0.0 
0.0 0.0 0.0 2.7 0.0 0.0 
0.0 0.7 0.0 0.0 0.0 0.0 
0.0 0.0 0.0 0.0 0.0 0.0 
0.0 1.2 0.0 0.0 0.0 0.0 
0.1 0.3 0.0 0.0 0.0 0.0 
6.4 5.4 0.0 0.0 0.0 0.0 
5.8 0.9 0.8 0.0 0.0 0.0 
19.3 1.8 12.0 5.9 0.8 0.0 
7.3 7.1 0.0 14.7 11.4 10.0 
0.0 0.0 0.0 0.0 0.0 0.0 
0.0 0.0 0.0 0.0 0.0 0.0 
0.0 34.1 18.0 0.0 1.2 0.0 
0.0 0.7 2.3 7.1 0.0 10.0 
41.5 41.5 39.9 7.7 0.0 0.0 
2.0 3.5 0.0 0.0 43.7 0.0 
17.0 8.7 0.0 0.5 0.0 0.0 
0.1 3.5 21.6 15.4 0.0 0.0 
8.4 3.5 0.3 0.0 0.0 0.0 
2.0 0.6 25.8 16.7 3.9 0.0 
5.1 22.0 35.9 45.8 0.0 0.0 
27.4 2.9 41.7 14.6 0.7 0.0 
10.4 4.4 17.9 9.0 17.9 0.0 
9.3 0.2 6.4 0.7 0.0 0.0 
1.4 1.5 1.7 0.0 1.5 10.0 
13.8 2.5 2.3 2.1 0.2 0.0 
24.4 6.1 1.8 5.7 53.4 5.0 
25.9 30.4 3.8 8.6 43.2 20.0 
3.7 8.2 97.0 44.5 25.9 25.0 
0.2 0.0 41.1 33.7 2.4 10.0 
0.6 13.1 7.0 3.3 0.0 45.0 
0.0 0.3 3.3 0.2 0.2 0.0 
0.3 19.4 12.6 23.8 70.0 20.0 
2.6 10.8 68.8 1.0 35.6 10.0 
5.2 10.3 45.7 29.4 15.5 5.0 
1.6 8.8 54.0 40.2 0.8 0.0 
0.5 1.1 2.8 2.8 1.3 5.0 
2.0 0.4 5.1 13.9 1.0 4.0 
3.7 40.8 3.6 2.8 14.0 0.0 
12.4 29.7 2.6 21.6 75.5 0.0 
3.7 36.3 9.9 1.7 43.8 0.0 
22.0 33.0 44.6 16.5 1.9 5.0 
0.0 3.4 27.0 10.0 39.9 19.0 
4.3 55.0 1.9 5.8 6.3 5.0 
0.0 0.0 7.3 15.6 1.2 15.0 
24.4 20.2 12.7 1.1 0.0 0.0 
9.1 1.2 4.2 6.1 0.0 0.0 
7.3 0.0 0.0 0.1 0.0 0.0 
2.4 1.7 0.0 0.0 0.0 0.0 
3.7 1.7 0.8 2.2 0.0 0.0 
0.0 2.7 0.0 0.0 0.0 0.0 
0.4 1.0 0.0 0.7 0.0 0.0 
4.3 11.8 18.5 1.3 13.1 15.0 
11.1 13.8 12.9 7.9 0.0 6.0 
2.5 0.4 1.4 2.8 0.0 0.0 
3.5 0.0 0.7 2.6 0.0 0.0 
0.8 16.4 20.4 5.0 0.0 0.0 
3.4 2.2 18.3 19.7 3.5 73.0 
0.0 0.0 29.0 4.1 38.2 36.0 
4.0 16.1 36.1 8.1 66.9 20.0 
2.8 18.4 27.0 30.1 0.0 0.0 
61.0 6.9 67.3 48.1 5.9 0.0 
0.5 5.8 3.0 0.2 4.2 0.0 
0.0 3.6 5.6 0.0 0.5 0.0 
4.6 5.9 3.8 0.5 0.0 5.0 
9.2 12.1 35.9 0.8 144.3 0.0 
6.3 0.2 2.8 1.4 6.5 15.0 
2.4 34.9 29.5 13.3 40.3 40.0 
2.4 15.4 18.7 12.3 19.1 30.0 
3.1 16.2 5.9 5.3 2.4 30.0 
0.7 5.5 1.4 4.9 7.0 0.0 
2.0 13.1 0.0 6.3 0.0 0.0 
12.9 3.3 0.8 10.3 0.0 0.0 
2.4 2.4 8.4 24.1 0.8 0.0 
1.5 7.2 8.4 6.8 0.0 0.0 
0.0 0.1 32.9 22.5 0.7 0.0 
0.0 0.0 11.5 0.2 3.4 0.0 
0.4 0.0 3.0 0.6 2.7 0.0 
1.2 0.2 1.3 0.9 63.8 0.0 
5.2 0.2 0.6 1.1 4.2 0.0 
0.0 0.2 0.8 6.6 4.1 0.0 
0.8 5.6 1.5 2.4 0.0 0.0 
0.5 2.7 7.4 12.9 0.0 0.0 
13.5 26.6 1.2 1.0 1.2 0.0 
3.2 24.4 10.5 5.4 0.9 0.0 
1.8 2.2 14.3 13.9 0.4 0.0 
2.4 12.0 29.1 11.4 0.0 5.0 
3.5 5.7 12.3 22.3 0.0 2.0 
5.7 0.1 2.2 5.5 0.5 5.0 
0.7 2.1 15.5 1.1 0.0 2.0 
2.3 3.0 6.9 24.2 0.0 10.0 
0.2 26.6 19.0 16.4 2.4 0.0 
54.6 10.5 31.9 37.7 0.0 0.0 
19.9 23.7 7.6 11.3 1.2 0.0 
42.5 58.9 19.2 13.7 3.5 0.0 
41.5 17.9 10.0 64.3 0.0 0.0 
25.7 7.0 12.1 31.1 0.4 10.0 
79.9 51.6 8.0 26.8 2.6 10.0 
17.6 6.4 9.4 6.5 29.0 0.0 
2.3 17.0 2.3 6.6 7.9 0.0 
1.4 0.8 7.6 2.1 0.7 0.0 
0.0 0.7 0.0 0.0 0.3 20.0 
0.0 0.7 1.2 0.3 0.0 0.0 
0.2 0.0 7.8 0.0 0.0 0.0 
0.0 0.0 0.6 0.0 0.0 0.0 
0.3 2.0 0.0 0.0 11.1 0.0 
3.8 0.3 0.0 0.0 0.6 0.0 
6.2 9.6 0.0 0.9 0.0 16.0 
18.0 0.0 2.5 0.0 1.0 0.0 
0.0 0.2 2.2 6.9 0.0 0.0 
0.0 0.6 3.6 9.7 0.0 0.0 
0.0 0.0 0.0 4.3 0.5 0.0 
0.0 0.0 1.0 0.0 0.0 0.0 
0.0 16.3 0.0 0.0 0.0 0.0 
26.5 3.2 0.4 12.7 0.0 0.0 
1.1 0.0 1.2 1.9 0.0 0.0 
0.6 37.4 0.3 18.1 0.0 0.0 
8.8 5.3 0.4 20.3 0.0 0.0 
1.5 11.5 16.5 6.7 0.0 0.0 
0.4 34.8 2.6 0.7 0.0 0.0 
0.3 13.9 2.7 0.0 0.0 0.0 
0.0 0.0 0.0 2.7 0.0 0.0 
0.0 0.0 4.2 0.0 0.0 0.0 
0.0 0.0 0.0 0.0 0.0 0.0 
0.0 0.0 0.0 3.8 0.0 0.0 
0.0 2.4 0.0 0.0 33.2 0.0 
0.0 0.0 0.0 0.0 0.0 0.0 
0.0 0.0 0.0 2.5 0.0 0.0 
1.7 0.0 0.0 9.5 0.4 0.0 
2.4 0.2 0.0 0.0 0.0 0.0 
41.0 13.1 0.0 0.0 0.0 0.0 
11.9 7.4 3.1 0.0 0.0 0.0 
8.8 1.8 2.5 9.1 0.0 0.0 
1.1 1.7 0.8 0.3 0.7 0.0 
2.2 5.7 28.6 5.1 0.0 0.0 
7.5 4.9 2.1 16.9 0.0 0.0 
9.9 24.5 0.2 0.1 0.0 0.0 
0.0 2.1 0.4 0.9 0.0 0.0 
1.1 1.9 1.8 24.8 0.0 0.0 
0.0 2.7 0.0 0.4 0.0 0.0 
0.0 0.1 0.0 0.0 0.0 0.0 
0.8 0.0 0.0 0.0 0.0 0.0 
7.4 0.0 0.0 0.0 0.0 0.0 
0.0 0.0 0.0 0.0 0.0 0.0 
0.0 0.0 0.0 0.0 0.0 0.0 
2.7 0.7 0.0 0.0 0.0 0.0 
14.1 111.4 0.0 4.2 0.0 0.0 
0.0 0.0 51.3 42.0 0.0 0.0 
18.6 1.1 3.6 5.4 0.0 0.0 
0.0 0.0 0.0 0.7 0.0 0.0 
0.0 0.0 0.0 0.0 0.0 0.0 
0.0 0.0 0.0 0.0 0.0 0.0 
0.0 0.0 0.0 0.0 0.0 0.0 
0.0 0.0 0.0 0.0 0.0 0.0 
0.0 0.0 0.0 0.0 0.0 0.0 
0.0 0.0 0.2 0.0 0.0 0.0 
0.3 0.0 0.1 0.0 0.0 0.0 
4.0 39.3 0.0 0.0 0.0 0.0 
0.0 0.0 0.0 0.0 0.0 0.0 
0.0 0.0 0.0 0.0 0.0 0.0 
0.0 0.0 0.0 0.0 0.0 0.0 
0.0 0.0 0.3 0.0 0.0 0.0 
5.0 0.0 0.4 0.4 1.0 0.0 
9.7 7.6 11.7 6.6 0.0 0.0 
0.0 0.0 0.6 0.0 0.0 0.0 
0.0 0.0 3.0 0.0 0.0 0.0 
0.0 0.0 0.0 0.0 0.0 0.0 
0.0 0.0 0.0 0.0 0.0 0.0 
27.4 33.6 0.0 0.0 0.0 0.0 
2.6 22.5 0.0 0.0 0.0 0.0 
0.0 0.0 0.0 0.0 0.0 0.0 
0.0 0.0 0.0 0.0 0.0 0.0 
0.0 0.0 0.0 0.0 0.0 0.0 
0.0 0.0 0.0 0.0 0.0 0.0 
0.0 0.0 0.0 0.0 0.0 0.0 
0.0 0.0 0.0 0.0 0.0 0.0 
0.0 0.0 0.0 0.0 0.0 0.0 
0.0 0.0 0.0 0.0 0.0 0.0 
0.0 0.0 0.0 0.0 0.0 0.0 
0.0 0.0 0.0 0.0 0.0 0.0 
0.0 0.0 0.0 0.0 0.0 0.0 
0.0 0.0 0.0 0.0 0.0 0.0 
0.0 0.0 0.0 0.0 0.0 0.0 
0.0 0.0 0.0 0.0 0.0 0.0 
0.0 0.0 0.0 0.0 0.0 0.0 
0.0 0.0 0.0 0.0 0.0 0.0 
0.0 0.0 0.0 0.0 0.0 0.0 
0.0 0.0 0.0 0.0 0.0 0.0 
0.0 0.0 0.0 0.0 0.0 0.0 
0.0 0.0 0.0 0.0 0.0 0.0 
0.0 0.0 0.0 0.0 0.0 0.0 
0.0 0.0 0.0 0.0 0.0 0.0 
0.0 0.0 0.0 0.0 0.0 0.0 
0.0 0.0 0.0 0.0 0.0 0.0 
0.0 0.0 0.0 0.0 0.0 0.0 
0.0 0.0 0.0 0.0 0.0 0.0 
0.0 0.0 0.0 0.0 0.0 0.0 
0.0 0.0 0.0 0.0 0.0 0.0 
0.0 0.0 0.0 0.0 0.0 0.0 
0.0 0.0 0.0 0.0 0.0 0.0 
0.0 0.0 0.0 0.0 0.0 0.0 
0.0 0.0 0.0 0.0 0.0 0.0 
0.0 0.0 0.0 0.0 0.0 0.0 
0.0 0.0 0.0 0.0 0.0 0.0 
0.0 0.0 0.0 0.0 0.0 0.0 
0.0 0.0 0.0 0.0 0.0 0.0 
0.0 0.0 0.0 0.0 0.0 0.0 
0.0 0.0 0.0 0.0 0.0 0.0 
0.0 0.0 0.0 0.0 0.0 0.0 
0.0 0.0 0.0 0.0 0.0 0.0 
0.0 0.0 0.0 0.0 0.0 0.0 
0.0 0.0 0.0 0.0 0.0 0.0 
0.0 0.0 0.0 0.0 0.0 0.0 
0.0 0.0 0.0 0.0 1.1 0.0 
0.0 0.0 0.0 0.0 0.0 0.0 
0.0 0.0 0.0 0.0 0.0 0.0 
0.0 0.0 0.0 0.0 0.0 0.0 
0.0 0.2 0.0 0.0 0.0 0.0 
0.0 0.0 0.0 0.0 0.0 0.0 
0.0 0.0 0.0 0.0 0.0 0.0 
0.0 0.0 0.0 0.0 0.0 0.0 
0.0 0.0 0.0 0.0 0.0 0.0 
0.0 0.0 0.0 0.0 0.0 0.0 
0.0 0.0 0.0 0.0 0.0 0.0 
0.0 0.0 0.0 0.0 0.0 0.0 
0.0 0.0 0.0 0.0 0.0 0.0 
0.0 0.0 0.0 0.0 0.0 0.0 
0.0 0.0 0.0 0.0 0.0 0.0 
0.0 0.0 0.0 0.0 0.0 0.0 
0.0 0.0 0.0 0.0 0.0 0.0 
0.0 0.0 0.0 0.0 0.0 0.0 
0.0 0.0 0.0 0.0 0.0 0.0 
0.0 0.0 0.0 0.0 0.0 0.0 
0.0 0.0 0.0 0.0 0.0 0.0 
0.0 0.0 0.0 0.0 0.0 0.0 
0.0 0.0 0.0 0.0 0.0 0.0 
0.0 0.0 0.0 0.0 0.0 0.0 
0.0 0.0 0.0 0.0 0.0 0.0 
0.0 0.0 0.0 0.0 0.0 0.0 
0.0 0.0 0.0 0.0 0.0 0.0 
0.0 0.0 0.0 0.0 23.6 0.0 
0.0 0.0 0.0 0.0 7.0 0.0 
0.0 0.0 0.0 0.0 0.8 0.0 
0.0 0.0 0.0 0.0 0.8 0.0 
0.0 0.0 0.0 0.0 0.0 0.0 
0.0 0.0 0.0 0.0 0.0 0.0 
0.0 0.0 0.0 0.0 3.3 0.0 
0.0 0.0 0.0 0.0 0.0 0.0 
0.0 0.0 0.0 0.0 0.0 0.0 
0.0 0.0 0.0 0.0 0.0 0.0 
0.0 0.0 0.0 0.0 0.0 0.0 
0.0 0.0 0.0 0.0 0.0 0.0 
0.0 0.0 0.0 0.0 0.0 0.0 
0.0 0.0 0.0 0.0 0.0 0.0 
0.0 0.0 0.0 0.0 0.0 0.0 
0.0 0.0 0.0 0.0 0.0 0.0 
0.0 0.0 0.0 0.0 0.0 0.0 
0.0 0.0 0.0 0.0 0.0 0.0 
0.0 0.0 0.0 0.0 0.0 0.0 
0.0 0.0 0.0 0.0 0.0 0.0 
0.0 0.0 0.0 0.0 0.0 0.0 
0.0 0.0 0.0 0.0 0.0 0.0 
0.0 0.0 0.0 0.0 0.0 0.0 
0.0 0.0 0.0 0.0 0.0 0.0 
0.0 0.0 0.0 0.0 0.0 0.0 
7.0 0.0 0.0 0.0 0.0 0.0 
0.0 0.0 0.0 0.0 0.0 0.0 
0.0 0.0 0.0 0.0 0.0 0.0 
0.0 0.0 0.0 0.0 0.0 0.0 
0.0 0.0 0.0 0.0 0.0 0.0 
0.0 0.0 0.0 0.0 0.0 0.0 
0.0 0.0 0.0 0.0 0.0 0.0 
0.0 0.0 0.0 0.0 0.0 0.0 
0.0 0.0 0.0 0.0 0.0 0.0 
0.0 0.0 0.0 0.0 0.0 0.0 
0.0 0.0 0.0 0.0 0.0 0.0 
0.0 0.0 0.0 0.0 0.0 0.0 
0.0 0.0 0.0 0.0 0.0 0.0 
0.0 0.0 0.0 0.0 0.0 0.0 
0.0 0.0 0.0 0.0 0.0 0.0 
0.0 0.0 0.0 0.0 0.0 0.0 
0.0 0.0 0.0 0.0 0.0 0.0 
0.0 0.0 0.0 0.0 0.0 0.0 
0.0 0.0 0.0 0.0 0.0 0.0 
0.0 0.0 0.0 0.0 0.0 0.0 
0.0 0.0 0.0 0.0 0.0 0.0 
0.0 0.0 0.0 0.0 0.0 0.0 
0.0 0.0 0.0 0.0 0.0 0.0 
0.0 0.0 0.0 0.0 0.0 0.0 
0.0 0.0 0.0 0.0 0.0 0.0 
0.0 0.2 0.0 0.0 0.0 0.0 
0.0 0.0 0.0 0.0 0.0 0.0 
0.2 0.0 0.0 0.0 0.0 0.0 
0.1 4.7 0.0 0.0 0.0 0.0 
1.1 0.0 0.0 0.0 0.0 0.0 
0.0 0.0 0.0 0.0 0.0 0.0 
0.0 0.0 0.0 0.0 0.0 0.0 
0.0 0.0 0.0 0.0 0.0 0.0 
0.0 0.0 0.0 0.0 0.0 0.0 
0.0 0.0 0.0 0.0 0.0 0.0 
0.0 0.0 0.0 0.0 0.0 0.0 
0.0 0.0 0.0 0.0 0.0 0.0 
0.0 0.0 0.0 0.0 0.0 0.0 
0.0 0.0 0.0 0.0 0.0 0.0 
0.0 0.0 0.0 0.0 0.0 0.0 
0.0 0.0 0.0 0.0 0.0 0.0 
1.7 0.2 0.0 0.0 0.0 0.0 
0.9 0.2 0.0 0.0 0.0 0.0 
0.8 0.0 0.0 0.0 0.0 0.0 
0.1 0.0 0.0 0.0 0.0 0.0 
0.0 0.0 0.0 0.0 0.0 0.0 
1.9 0.0 0.0 0.0 0.0 0.0 
0.8 0.0 0.0 0.0 0.0 0.0 
0.0 0.0 0.0 0.0 0.0 0.0 
0.0 0.0 0.0 0.0 0.0 0.0 
0.0 0.0 0.0 0.0 0.0 0.0 
0.0 0.0 0.0 0.0 0.0 0.0 
0.0 0.0 0.0 0.0 0.0 0.0 
0.0 0.0 0.0 0.0 0.0 0.0 
0.0 0.0 0.0 0.0 0.0 0.0 
1.6 0.0 0.0 0.0 0.0 0.0 
5.0 0.0 0.0 0.0 0.0 0.0 
0.0 0.0 0.0 0.0 0.0 0.0 
0.0 0.0 0.0 0.0 0.0 0.0 
0.0 0.0 0.0 0.0 0.0 0.0 
0.0 0.0 0.0 0.0 0.0 0.0 
1.0 0.0 0.0 0.0 0.0 0.0 
0.0 0.0 0.0 0.0 0.0 0.0 
0.0 0.0 0.0 0.0 0.0 0.0 
6.0 0.2 0.0 0.0 0.0 0.0 
21.1 0.3 0.0 0.0 0.0 0.0 
0.0 0.0 0.0 0.2 0.0 0.0 
1.1 0.0 0.0 0.0 0.0 0.0 
0.0 0.0 0.0 0.2 0.0 0.0 
0.0 0.0 0.0 0.0 0.0 0.0 
0.0 0.0 0.0 0.0 0.0 0.0 
2.6 16.4 0.0 0.0 0.0 0.0 
36.3 12.4 0.0 3.3 0.0 0.0 
1.9 0.0 0.0 0.2 0.0 0.0 
14.3 9.6 0.0 2.6 0.0 0.0 
0.0 0.0 0.0 0.2 0.0 0.0 
0.0 0.0 0.0 0.7 0.0 0.0 
0.4 16.3 0.0 4.5 0.0 0.0 
3.2 2.3 0.0 0.3 0.0 0.0 
0.4 0.7 0.0 0.0 0.0 0.0 
29.2 0.0 0.0 0.0 0.0 0.0 
0.0 0.0 0.0 3.3 0.0 0.0 
23.2 9.2 0.0 24.2 0.0 0.0 
10.9 0.4 0.0 0.0 0.0 0.0 
3.7 0.0 0.0 0.0 0.0 0.0 
0.0 0.5 0.0 0.0 0.0 0.0 
42.1 25.2 0.0 5.3 0.0 0.0 
0.0 0.0 0.0 8.8 0.0 0.0 
0.0 11.3 0.0 0.4 0.0 0.0 
11.5 8.8 0.0 5.0 0.0 0.0 
97.9 10.0 0.0 4.6 0.0 0.0 
24.1 52.7 0.0 2.9 0.0 0.0 
5.2 22.0 0.0 0.0 0.0 0.0 
0.0 0.0 0.0 0.0 0.0 0.0 
0.0 0.0 0.0 0.0 0.0 0.0 
0.0 0.0 0.0 0.3 0.0 0.0 
0.0 3.6 0.0 7.7 0.0 0.0 
2.0 16.6 2.4 4.1 0.0 0.0 
9.5 0.0 0.0 0.0 0.0 0.0 
0.0 0.8 0.0 0.0 0.0 0.0 
0.0 0.0 0.0 0.0 0.2 0.0 
0.6 9.9 0.0 0.0 0.0 0.0 
0.0 0.0 0.0 0.0 0.0 0.0 
0.9 20.2 0.0 0.0 0.0 0.0 
31.8 34.4 15.5 38.5 0.0 0.0 
2.4 31.3 26.8 58.8 0.0 0.0 
8.5 6.5 0.0 16.9 0.0 0.0 
0.0 0.0 0.0 19.4 0.0 0.0 
50.1 0.4 4.3 3.6 0.0 0.0 
14.7 0.2 9.7 0.5 0.0 0.0 
2.7 16.0 0.7 1.6 0.0 0.0 
12.5 13.0 2.0 0.7 0.8 0.0 
9.3 3.8 0.5 0.8 0.0 0.0 
2.1 7.9 1.6 0.6 2.3 0.0 
0.0 1.2 3.4 0.8 18.7 0.0 
12.9 0.3 5.0 31.6 10.6 0.0 
19.8 20.6 39.0 19.4 8.7 0.0 
0.7 4.4 9.4 23.8 0.3 0.0 
3.1 20.2 5.4 2.7 0.0 0.0 
11.5 33.1 29.5 15.5 0.0 0.0 
0.0 0.2 2.1 9.1 0.0 0.0 
29.6 6.2 2.9 3.8 35.0 0.0 
3.6 5.8 11.9 5.2 12.7 0.0 
0.0 1.9 1.2 17.3 0.0 0.0 
0.0 1.5 5.1 0.0 0.0 0.0 
25.2 17.2 2.6 0.8 0.0 0.0 
1.8 34.9 1.4 4.6 0.0 0.0 
11.3 36.9 1.5 0.0 0.0 0.0 
5.1 9.6 24.3 4.7 3.9 0.0 
0.0 11.1 1.2 0.0 0.4 64.6 
18.7 12.7 22.8 0.8 0.9 0.0 
1.3 2.0 1.4 0.7 7.1 0.0 
11.5 0.1 0.0 4.0 3.0 2.0 
12.3 0.0 58.7 0.2 38.1 3.8 
15.1 22.3 28.6 108.0 10.9 0.0 
10.7 25.2 29.0 12.5 0.0 0.0 
7.3 22.9 31.1 22.1 0.0 0.0 
52.7 17.9 41.1 11.0 6.7 0.0 
1.1 4.4 28.6 26.7 25.5 0.0 
0.3 1.2 1.6 14.0 5.2 0.0 
0.9 1.0 0.5 1.1 0.0 0.0 
2.2 5.8 0.7 0.8 6.9 0.0 
0.0 6.6 32.9 0.7 4.9 150.0 
75.4 30.3 13.3 12.5 2.6 0.0 
51.1 13.9 48.5 59.4 2.6 0.0 
16.8 19.2 3.6 17.0 27.4 0.0 
27.0 30.2 0.8 10.3 4.2 0.0 
4.5 3.3 2.1 5.7 1.6 0.0 
1.0 8.6 1.2 1.6 23.0 0.0 
19.7 1.7 3.2 34.0 17.0 0.0 
4.9 1.2 60.6 23.4 49.8 0.0 
31.0 17.6 19.3 29.6 12.9 108.0 
12.6 25.3 16.5 13.7 72.7 100.0 
0.1 0.7 5.1 3.2 2.5 10.3 
0.0 16.6 1.1 3.6 5.8 0.0 
13.7 10.0 10.3 10.0 2.3 0.0 
1.7 3.2 9.1 0.3 6.4 0.0 
6.4 62.3 17.0 7.5 1.6 0.0 
3.9 10.8 12.1 18.8 11.1 11.4 
0.0 0.3 35.7 5.1 22.8 5.0 
19.4 9.7 27.4 2.3 25.9 4.4 
162.0 40.4 59.6 40.5 31.1 2.2 
4.6 18.3 37.8 17.9 14.7 0.0 
11.0 5.2 3.2 11.8 6.3 12.0 
5.4 3.4 3.4 6.9 4.4 7.0 
5.7 0.0 6.4 0.2 53.2 12.0 
7.3 10.7 4.4 3.2 7.0 27.0 
16.2 25.0 10.4 8.0 19.4 3.0 
17.6 60.6 1.6 0.5 0.0 1.1 
10.8 54.8 5.5 0.7 0.0 0.0 
25.8 23.9 10.9 0.3 0.4 0.0 
3.4 0.0 9.2 10.5 77.2 2.0 
0.0 6.9 0.0 10.8 2.8 2.0 
9.0 40.2 6.1 5.9 34.3 42.0 
0.3 15.2 4.0 11.0 5.1 20.0 
23.0 15.2 0.8 10.6 8.9 18.5 
2.8 0.2 0.0 16.9 20.6 0.0 
5.5 0.1 7.2 0.0 0.0 0.0 
0.1 0.0 1.3 0.6 0.2 0.0 
0.0 0.0 67.9 0.0 0.0 0.0 
1.0 0.1 25.0 14.0 0.0 0.0 
5.1 3.7 7.4 15.3 0.0 0.0 
14.6 22.2 28.6 1.3 0.0 0.0 
3.2 13.7 3.8 7.2 9.3 9.0 
34.2 21.9 21.5 5.4 0.6 0.0 
3.4 2.4 22.7 20.4 0.5 0.0 
4.7 3.4 10.6 5.5 12.6 21.0 
10.7 10.5 3.0 1.3 112.8 13.0 
9.7 1.6 26.7 12.6 138.8 17.0 
3.2 9.1 11.5 16.8 62.3 0.0 
2.1 25.5 2.1 0.0 15.9 3.0 
8.0 0.0 0.0 0.0 0.0 0.0 
3.1 0.0 22.9 32.1 0.9 0.0 
11.0 0.8 27.0 5.7 0.0 0.0 
9.7 8.1 17.3 0.0 31.6 10.0 
5.7 3.5 17.8 0.0 1.6 3.7 
13.0 22.8 3.9 0.0 29.1 27.0 
18.6 26.7 25.1 3.4 2.9 0.0 
10.9 39.3 45.3 28.7 0.0 0.0 
6.8 10.5 21.1 20.0 37.4 26.0 
0.4 2.4 6.1 9.0 88.1 30.5 
10.1 0.1 3.0 0.6 47.4 8.3 
0.0 56.8 8.1 0.6 8.2 14.6 
0.0 0.0 4.6 0.8 12.3 7.4 
0.0 2.5 5.5 0.9 74.2 0.0 
13.3 24.8 0.0 8.5 7.3 33.0 
22.8 19.0 0.0 22.5 29.1 0.0 
65.2 12.5 7.7 5.6 0.0 0.0 
27.5 63.4 1.7 16.4 8.0 0.0 
104.5 152.4 2.0 12.5 0.0 0.0 
1.5 71.0 0.5 5.8 0.0 0.0 
29.6 48.7 0.0 0.0 1.6 0.0 
0.1 19.9 0.0 0.2 0.0 9.2 
42.4 3.9 0.0 0.0 0.0 0.0 
0.0 0.0 0.0 8.6 0.0 15.0 
0.0 19.6 0.0 12.7 6.0 12.0 
0.0 0.2 9.4 15.0 21.3 21.0 
0.0 18.5 5.0 33.7 54.2 15.0 
4.7 0.1 6.6 31.5 5.2 9.0 
1.7 0.0 14.8 22.9 29.2 0.0 
0.0 0.0 13.9 19.8 10.2 5.0 
5.3 47.6 0.0 27.1 0.4 3.0 
1.8 12.3 1.1 3.4 0.0 0.0 
5.0 0.8 2.9 15.5 3.1 0.0 
0.6 0.0 0.0 0.5 0.0 0.0 
0.0 0.0 2.6 1.1 0.0 0.0 
0.0 0.9 0.0 0.0 0.0 0.0 
0.0 0.0 0.0 0.0 0.0 0.0 
0.0 0.0 4.5 0.0 0.3 0.0 
0.0 24.6 0.0 1.1 0.0 0.0 
5.6 23.9 5.0 0.0 0.0 0.0 
0.1 9.0 0.9 0.1 0.0 0.0 
0.6 1.1 0.0 0.0 0.0 0.0 
51.0 78.5 0.2 2.5 0.0 0.0 
14.6 58.8 0.4 7.0 0.0 0.0 
4.0 0.0 2.8 0.0 0.0 0.0 
0.1 14.3 0.4 0.0 0.0 0.0 
27.2 40.3 0.0 0.0 0.0 0.0 
9.9 3.2 0.0 0.0 0.0 0.0 
28.6 0.0 0.0 0.0 0.0 0.0 
0.0 0.0 0.0 0.0 0.0 0.0 
0.0 0.0 0.0 1.0 0.0 0.0 
0.0 0.0 1.9 0.0 0.0 0.0 
0.0 0.0 0.0 0.0 0.0 0.0 
7.3 3.4 0.0 2.0 0.0 0.0 
27.5 0.1 0.0 1.6 0.0 0.0 
9.2 0.0 0.4 10.4 0.0 0.0 
9.7 0.6 0.0 0.0 0.0 0.0 
0.5 12.9 0.0 0.0 0.0 0.0 
1.7 0.0 0.0 0.0 0.0 0.0 
0.0 0.0 0.0 0.0 0.0 0.0 
0.0 0.0 0.0 0.0 0.0 0.0 
0.0 0.0 0.0 0.0 0.0 0.0 
0.0 0.0 0.0 0.0 0.0 0.0 
0.0 0.0 0.4 0.0 0.0 0.0 
0.0 0.0 0.0 0.0 0.0 0.0 
0.0 0.0 0.0 0.0 0.0 0.0 
0.0 0.0 0.0 0.0 0.0 0.0 
0.0 0.0 0.0 0.0 0.0 0.0 
0.0 0.0 0.0 0.0 0.0 0.0 
0.0 0.0 0.0 0.0 0.0 0.0 
0.0 0.0 0.0 0.0 0.0 0.0 
0.0 0.0 0.0 0.0 0.0 0.0 
9.2 0.0 0.0 0.0 0.0 0.0 
0.0 0.0 0.0 0.0 0.0 0.0 
0.0 0.0 0.0 0.0 0.0 0.0 
0.0 0.0 0.0 0.0 0.0 0.0 
0.0 0.0 0.0 0.0 0.0 0.0 
0.0 0.0 0.0 0.0 0.0 0.0 
0.0 0.0 0.0 0.0 0.0 0.0 
0.0 0.0 0.0 0.0 0.0 0.0 
0.0 0.0 0.0 0.0 0.0 0.0 
0.0 0.0 0.0 0.0 0.0 0.0 
0.0 0.0 0.0 0.0 0.0 0.0 
0.0 0.0 0.0 0.0 0.0 0.0 
0.0 0.0 0.0 0.0 0.0 0.0 
0.0 0.0 0.0 0.0 0.0 0.0 
0.0 0.0 0.0 0.0 0.0 0.0 
0.0 0.0 0.0 0.0 0.0 0.0 
0.0 0.0 0.0 0.0 0.0 0.0 
0.0 0.0 0.0 0.0 0.0 0.0 
0.0 0.0 0.0 0.0 0.0 0.0 
0.0 0.0 0.0 0.0 0.0 0.0 
0.0 0.0 0.0 0.0 0.0 0.0 
0.0 0.0 0.0 0.0 0.0 0.0 
0.0 0.0 0.0 0.0 0.0 0.0 
0.0 0.0 0.0 0.0 0.0 0.0 
0.0 0.0 0.0 0.0 0.0 0.0 
0.0 0.0 0.0 0.0 0.0 0.0 
0.0 0.0 0.0 0.0 0.0 0.0 
0.0 0.0 0.0 0.0 0.0 0.0 
0.0 0.0 0.0 0.0 0.0 0.0 
0.0 0.0 0.0 0.0 0.0 0.0 
0.0 0.0 0.0 0.0 0.0 0.0 
0.0 0.0 0.0 0.0 0.0 0.0 
0.0 0.0 0.0 0.0 0.0 0.0 
0.0 0.0 0.0 0.0 0.0 0.0 
0.0 0.0 0.0 0.0 0.0 0.0 
0.0 0.0 0.0 0.0 0.0 0.0 
0.0 0.0 0.0 0.0 0.0 0.0 
0.0 0.0 0.0 0.0 0.0 0.0 
0.0 0.0 0.0 0.0 0.0 0.0 
0.0 0.0 0.0 0.0 0.0 0.0 
0.0 0.0 0.0 0.0 0.0 0.0 
0.0 0.0 0.0 0.0 0.0 0.0 
0.0 0.0 0.0 0.0 0.0 0.0 
0.0 0.0 0.0 0.0 0.0 0.0 
0.0 0.0 0.0 0.0 0.0 0.0 
0.0 0.0 0.0 0.0 0.0 0.0 
0.0 0.0 0.0 0.0 0.0 0.0 
0.0 0.0 0.0 0.0 0.0 0.0 
0.0 0.0 0.0 0.0 0.0 0.0 
0.0 0.0 0.0 0.0 0.0 0.0 
0.0 0.0 0.0 0.0 0.0 0.0 
0.0 0.0 0.0 0.0 0.0 0.0 
0.0 0.0 0.0 0.0 0.0 0.0 
0.0 0.0 0.0 0.0 0.0 0.0 
0.0 0.0 0.0 0.0 0.0 0.0 
0.0 0.0 0.0 0.0 0.0 0.0 
0.0 0.0 0.0 0.0 0.5 0.0 
0.0 0.0 0.0 0.0 0.0 0.0 
0.0 0.0 0.0 0.0 0.0 0.0 
0.0 0.0 0.0 0.8 0.0 0.0 
0.3 0.0 0.0 2.3 0.0 0.0 
0.0 0.0 0.0 0.0 0.0 0.0 
0.0 0.0 0.0 0.0 0.0 0.0 
0.0 0.0 0.0 0.0 0.0 0.0 
0.0 0.0 0.0 0.0 0.0 0.0 
0.0 0.0 0.0 0.0 0.0 0.0 
0.0 0.0 0.0 0.0 0.0 0.0 
3.3 2.1 0.0 0.0 0.0 0.0 
0.0 0.0 0.0 0.0 0.0 0.0 
0.0 0.0 0.0 0.0 0.0 0.0 
0.0 0.0 0.0 0.0 0.0 0.0 
0.0 0.0 0.0 0.0 0.0 0.0 
0.0 0.0 0.0 0.0 0.0 0.0 
0.0 0.0 0.0 0.0 0.0 0.0 
0.0 0.0 0.0 0.0 0.0 0.0 
0.0 0.0 0.0 0.0 0.0 0.0 
0.0 0.0 0.0 0.0 0.0 0.0 
0.0 0.0 0.0 0.0 0.0 0.0 
0.2 8.9 0.0 0.0 0.0 0.0 
0.0 0.0 0.0 0.0 0.0 0.0 
6.0 0.0 0.0 0.5 0.0 0.0 
27.9 1.5 0.0 4.5 0.0 0.0 
2.8 14.6 0.0 0.0 0.0 0.0 
0.2 0.0 0.0 0.0 0.0 0.0 
0.4 0.0 0.0 0.0 0.0 0.0 
0.0 0.0 0.0 0.0 0.0 0.0 
0.0 0.0 0.0 0.0 0.0 0.0 
0.6 0.1 0.0 0.0 0.0 0.0 
0.5 4.2 0.0 0.0 0.0 0.0 
0.0 0.0 0.0 0.0 0.0 0.0 
0.0 0.0 0.0 0.0 0.0 0.0 
0.0 0.0 0.0 0.0 0.0 0.0 
0.0 0.0 0.0 0.0 0.0 0.0 
4.2 17.9 0.0 0.0 0.0 0.0 
0.0 0.0 0.0 0.0 0.0 0.0 
0.0 0.0 0.0 0.0 0.0 0.0 
0.0 0.0 0.0 0.0 0.0 0.0 
0.0 0.0 0.0 0.0 0.0 0.0 
0.0 0.0 0.0 3.5 0.0 0.0 
0.0 0.0 0.0 0.0 0.0 0.0 
0.0 0.0 0.0 0.0 0.0 0.0 
0.0 0.0 0.0 0.0 0.0 0.0 
0.0 0.0 0.0 0.0 0.0 0.0 
0.0 0.0 0.0 0.0 0.0 0.0 
0.0 0.0 0.0 0.0 0.0 0.0 
0.0 0.0 0.0 0.0 0.0 0.0 
0.0 0.0 0.0 0.0 0.0 0.0 
0.0 0.0 0.0 0.0 0.0 0.0 
0.0 0.0 0.0 0.0 0.0 0.0 
0.0 0.0 0.0 0.0 0.0 0.0 
0.0 0.0 0.0 0.0 0.0 0.0 
0.0 0.0 0.0 0.0 0.0 0.0 
0.0 0.0 0.0 0.0 0.0 0.0 
0.0 5.9 0.0 0.0 0.0 0.0 
0.0 0.0 0.0 0.0 0.0 0.0 
0.0 0.0 0.0 0.0 0.0 0.0 
0.0 0.0 0.0 0.0 0.0 0.0 
0.0 0.0 0.0 0.0 1.2 0.0 
0.0 0.0 0.0 0.0 0.0 0.0 
0.0 0.0 0.0 0.0 0.0 0.0 
0.0 0.0 0.0 0.0 0.0 0.0 
0.0 0.0 0.0 0.0 0.0 0.0 
0.0 0.0 0.0 0.7 0.0 0.0 
0.0 0.0 0.0 0.2 0.0 0.0 
0.0 0.0 0.0 0.0 0.0 0.0 
0.0 0.0 0.0 0.0 0.0 0.0 
0.0 0.0 0.0 0.0 0.0 0.0 
0.0 0.0 0.0 0.0 0.0 0.0 
0.0 0.0 0.0 3.0 0.0 0.0 
0.0 0.0 0.0 0.3 0.0 0.0 
0.0 0.0 0.0 0.0 0.0 0.0 
0.0 0.0 0.0 4.7 0.0 0.0 
0.0 0.0 0.0 0.0 0.0 0.0 
0.0 0.0 0.0 2.5 0.0 0.0 
0.0 0.0 0.0 0.0 0.0 0.0 
0.0 0.0 0.0 0.0 0.0 0.0 
0.0 0.0 0.0 0.0 0.0 0.0 
0.0 0.0 0.0 0.0 0.0 0.0 
0.0 0.0 0.0 0.0 0.0 0.0 
0.0 0.0 0.0 0.0 0.0 0.0 
0.0 0.0 0.0 0.0 0.0 0.0 
0.0 0.0 0.0 0.0 0.0 0.0 
0.0 0.0 0.0 0.0 0.0 0.0 
0.0 0.0 0.0 0.0 0.0 0.0 
0.0 0.0 0.0 0.0 0.0 0.0 
0.0 0.0 0.0 0.0 0.0 0.0 
0.0 0.0 0.0 0.0 0.0 0.0 
0.0 16.2 0.0 0.0 0.0 0.0 
0.0 0.0 0.0 0.0 0.0 0.0 
3.8 0.0 0.0 0.0 0.0 0.0 
0.0 0.0 0.0 0.0 0.0 0.0 
5.7 11.9 0.0 0.0 0.0 0.0 
2.5 0.0 0.0 0.0 0.0 0.0 
0.9 0.0 0.0 0.0 0.0 0.0 
0.0 0.0 0.0 0.0 0.0 0.0 
0.0 0.0 0.0 0.0 0.0 0.0 
0.0 0.3 0.0 0.0 0.0 0.0 
0.0 13.8 0.0 0.0 0.0 0.0 
0.0 0.7 0.0 0.0 0.0 0.0 
0.0 0.0 0.0 0.0 1.0 0.0 
18.3 19.6 0.0 0.0 0.0 0.0 
8.4 0.5 0.0 0.4 0.0 0.0 
1.7 0.0 0.0 0.1 0.0 0.0 
0.5 4.3 0.0 0.0 0.0 0.0 
0.0 0.0 0.0 0.0 0.0 0.0 
11.3 16.3 0.0 0.0 0.0 0.0 
0.0 0.0 0.0 0.0 0.0 0.0 
0.0 0.0 0.0 0.0 0.0 0.0 
0.1 29.0 0.0 0.0 0.0 0.0 
30.5 35.8 0.0 0.0 0.0 0.0 
0.0 0.0 0.0 0.0 0.0 0.0 
0.0 0.0 0.0 0.0 0.0 0.0 
0.0 0.0 0.0 0.0 0.0 0.0 
7.5 0.0 0.0 0.0 0.0 0.0 
0.2 7.6 0.0 1.2 0.0 0.0 
0.0 22.1 7.5 0.1 0.0 0.0 
0.0 7.7 0.7 0.0 0.7 0.0 
4.1 0.0 0.0 0.2 0.0 0.0 
0.0 0.0 0.0 3.9 0.0 0.0 
1.4 5.4 0.0 0.0 0.0 0.0 
28.2 3.6 0.0 0.7 1.4 0.0 
0.7 0.4 0.3 6.0 0.0 0.0 
0.0 10.9 0.1 0.1 0.0 0.0 
3.0 12.1 0.0 0.5 0.0 0.0 
0.0 0.9 0.0 0.3 0.0 0.0 
5.4 28.6 0.0 0.0 0.0 0.0 
0.3 0.4 0.0 1.7 1.5 0.0 
23.5 20.2 0.0 1.4 0.0 0.0 
5.1 9.1 0.0 1.3 0.0 0.0 
4.2 30.4 0.0 0.0 0.0 0.0 
4.8 0.3 0.0 0.0 0.0 0.0 
14.4 5.0 0.0 0.0 0.0 0.0 
0.0 0.0 0.0 0.0 0.0 0.0 
0.0 0.3 0.0 0.0 0.0 0.0 
1.7 36.1 0.0 0.0 0.0 0.0 
10.3 0.1 0.0 0.2 0.0 0.0 
2.8 1.8 0.0 0.1 0.0 0.0 
4.8 0.6 0.0 0.0 0.0 0.0 
1.1 0.0 0.0 0.6 0.4 0.0 
0.0 0.0 0.0 3.6 26.5 0.0 
0.0 0.0 0.9 12.7 0.0 0.0 
30.1 24.8 15.4 6.8 0.0 0.0 
38.4 18.3 6.2 5.6 0.2 0.0 
32.1 4.7 12.6 17.8 7.4 15.0 
0.6 6.3 3.2 3.7 12.0 3.0 
0.4 4.4 2.2 8.5 1.1 3.0 
2.2 11.6 0.0 0.0 2.8 0.0 
1.8 10.1 0.0 0.2 1.1 0.0 
23.3 9.5 0.0 2.3 20.2 0.0 
5.9 6.4 2.3 1.0 0.7 0.0 
4.5 18.6 1.3 5.9 0.0 0.0 
0.0 0.1 15.0 14.6 7.8 0.0 
11.5 0.0 6.6 5.2 1.7 0.0 
5.0 5.2 10.2 9.6 0.7 15.0 
1.0 3.0 3.3 0.8 0.0 0.0 
31.7 7.4 13.8 6.5 1.5 0.0 
0.4 7.0 13.3 16.3 9.8 12.0 
2.2 4.5 1.8 0.2 34.6 30.0 
0.6 25.1 2.1 0.8 0.0 24.0 
0.8 36.2 0.0 40.7 0.0 0.0 
14.0 3.3 0.0 0.0 0.0 0.0 
0.0 0.0 5.6 0.0 0.0 0.0 
0.5 16.7 0.0 0.0 0.0 0.0 
9.0 7.0 0.9 0.5 29.7 0.0 
0.6 0.7 0.3 3.7 0.0 0.0 
0.6 3.9 2.4 10.7 0.0 0.0 
1.4 0.6 0.6 3.5 0.0 0.0 
1.5 0.2 0.0 0.0 0.0 0.0 
0.0 0.0 7.3 0.0 2.9 0.0 
0.0 0.0 21.1 9.2 35.8 18.0 
0.0 1.1 3.3 0.3 1.0 0.0 
0.0 0.0 3.8 2.2 0.2 0.0 
0.0 0.0 3.6 1.7 1.1 0.0 
0.6 1.4 4.4 3.8 0.5 13.0 
0.1 1.1 5.6 5.8 9.3 0.0 
0.1 1.7 13.8 0.0 0.3 19.0 
22.8 6.9 30.1 24.2 12.0 0.0 
87.0 4.4 39.9 25.4 0.0 0.0 
3.9 4.1 3.3 12.3 0.0 0.0 
4.8 14.4 8.6 13.7 15.1 0.0 
2.9 6.2 14.7 10.9 8.7 0.0 
26.5 0.2 7.5 48.2 0.0 0.0 
2.0 7.3 25.3 17.4 0.0 0.0 
20.6 10.0 22.3 8.6 0.0 0.0 
22.3 31.1 27.6 15.0 8.1 0.0 
14.9 12.1 40.3 37.2 74.7 90.0 
1.1 13.7 8.0 4.1 75.6 26.0 
6.6 17.6 2.3 4.7 0.0 0.0 
5.8 48.9 7.3 11.1 0.2 1.0 
10.0 57.9 1.7 1.0 0.0 0.0 
20.1 32.5 2.4 2.8 0.0 0.0 
58.3 32.6 2.3 34.5 6.4 21.8 
9.9 4.4 46.2 62.8 9.4 51.4 
13.7 0.3 69.7 69.7 20.4 62.4 
13.2 6.2 6.9 29.9 6.1 1.5 
0.2 0.1 5.7 2.1 1.8 2.2 
9.9 2.7 29.5 0.0 23.6 28.8 
0.0 1.7 6.4 42.0 0.0 2.2 
27.2 9.5 45.1 20.0 0.0 0.0 
4.3 13.4 4.0 1.9 0.5 0.0 
7.0 7.1 0.4 0.0 0.0 0.0 
0.0 1.4 0.0 0.0 0.0 0.0 
1.2 24.7 0.0 0.0 0.0 0.0 
0.0 0.0 0.0 0.0 0.0 0.0 
8.9 25.2 2.4 0.6 0.0 0.0 
0.1 1.0 4.9 3.8 4.7 0.0 
10.9 0.9 35.2 19.5 0.1 0.0 
17.5 13.4 2.1 3.6 5.5 2.5 
28.3 7.0 0.0 5.4 21.4 27.6 
12.0 6.0 0.3 0.0 0.6 0.0 
0.0 13.8 8.3 0.0 5.9 0.0 
0.0 0.0 10.5 18.4 3.2 55.2 
8.2 0.0 8.1 26.8 5.2 0.0 
8.2 0.1 7.1 7.1 25.8 38.2 
0.9 2.0 9.8 14.1 0.8 22.4 
0.7 43.5 27.2 5.1 6.2 85.2 
2.1 0.5 5.8 4.1 19.6 0.0 
3.1 3.7 5.1 0.6 2.9 0.0 
7.7 2.1 2.2 0.3 4.3 0.0 
3.6 6.1 1.0 0.0 1.6 44.4 
0.8 0.3 0.0 0.8 22.4 0.0 
5.4 0.2 0.0 0.0 0.0 0.0 
4.5 1.8 0.0 0.0 0.4 0.0 
0.0 0.3 0.0 0.0 0.0 0.0 
8.0 6.6 0.3 0.2 0.0 0.0 
12.0 1.7 1.2 0.4 58.3 0.0 
5.9 3.7 4.5 0.0 2.6 0.0 
0.6 1.5 10.4 6.5 13.2 3.5 
23.0 40.8 14.5 5.2 0.0 0.0 
14.5 28.3 66.6 43.4 0.0 11.4 
1.4 3.3 133.5 73.5 0.0 0.0 
7.0 0.0 47.2 6.4 6.7 2.5 
0.0 0.0 10.9 1.7 3.0 22.4 
0.4 3.1 7.0 1.1 50.6 7.2 
0.2 6.3 1.7 22.5 3.4 6.5 
0.4 5.7 8.4 0.5 41.0 14.2 
0.0 1.3 67.3 25.4 8.6 0.0 
5.3 2.2 16.5 9.9 3.1 0.0 
1.3 1.0 0.8 8.6 0.0 0.0 
11.0 2.3 0.0 0.0 0.0 0.0 
0.0 0.0 0.0 0.0 0.0 0.0 
0.0 0.0 0.0 0.0 0.0 0.0 
20.7 11.0 22.2 0.9 0.0 0.0 
1.2 0.0 23.9 42.1 0.0 0.0 
0.2 10.4 9.7 3.4 0.0 44.5 
0.0 0.3 1.2 1.3 0.0 0.0 
14.3 14.2 4.0 1.8 0.0 0.0 
9.4 65.0 1.6 13.1 0.0 0.0 
33.8 20.0 3.4 6.6 0.0 0.0 
12.5 6.5 0.0 1.0 0.0 0.0 
10.0 4.9 5.4 4.2 0.0 0.0 
3.4 8.3 0.8 21.7 0.0 0.0 
1.0 3.5 0.0 0.8 0.0 0.0 
0.0 0.0 1.9 2.6 0.0 0.0 
0.0 0.4 0.0 0.0 0.0 0.0 
0.0 5.6 0.0 0.0 0.0 0.0 
0.0 0.0 0.0 0.0 0.0 0.0 
0.0 0.0 0.0 0.0 0.0 0.0 
0.0 0.0 0.0 0.0 0.0 0.0 
0.0 0.0 0.0 0.0 0.0 0.0 
0.2 0.6 0.0 12.7 0.0 0.0 
0.4 0.0 0.0 0.0 0.0 0.0 
0.0 8.6 0.0 0.0 0.0 0.0 
0.4 6.8 0.0 0.0 0.0 0.0 
0.0 4.5 0.0 0.0 0.0 0.0 
0.0 0.0 0.0 0.0 0.0 0.0 
0.0 1.5 0.6 9.1 0.0 0.0 
0.0 13.0 0.0 1.0 0.0 0.0 
0.0 2.6 0.0 0.0 0.0 0.0 
0.0 0.0 0.0 0.0 0.0 0.0 
0.0 0.0 0.0 0.0 0.0 0.0 
4.4 0.2 0.0 0.0 0.0 0.0 
0.0 0.0 0.0 0.0 0.0 0.0 
0.0 0.0 0.0 0.0 0.0 0.0 
0.8 1.9 0.0 0.0 0.0 0.0 
4.1 0.3 0.0 0.3 0.0 0.0 
14.0 0.0 0.0 0.0 0.0 0.0 
0.0 1.1 0.0 0.0 0.0 0.0 
0.0 5.7 0.0 0.0 0.0 0.0 
0.0 0.0 0.0 0.0 0.0 0.0 
0.0 0.0 0.0 0.0 0.0 0.0 
0.0 0.0 0.0 0.0 0.0 0.0 
0.0 0.0 0.0 0.0 0.0 0.0 
0.0 0.0 0.0 0.0 0.0 0.0 
0.0 0.0 0.0 0.0 0.0 0.0 
0.0 6.2 0.0 0.1 0.0 0.0 
7.2 64.2 0.0 0.0 0.0 0.0 
0.4 2.4 0.0 0.3 0.0 0.0 
0.0 0.0 0.0 0.0 0.0 0.0 
0.0 0.0 0.0 0.0 0.0 0.0 
0.0 0.0 0.0 0.0 0.0 0.0 
0.0 0.0 0.0 0.0 0.0 0.0 
0.0 8.3 0.0 0.0 0.0 0.0 
0.0 0.0 0.0 0.0 0.0 0.0 
0.0 0.0 0.0 0.0 0.0 0.0 
0.0 0.0 0.0 0.0 0.0 0.0 
0.0 0.0 0.0 0.0 0.0 0.0 
0.0 0.0 0.0 0.0 0.0 0.0 
0.0 0.0 0.0 0.0 0.0 0.0 
0.0 0.0 0.0 0.0 0.0 0.0 
0.0 0.0 0.0 0.0 0.0 0.0 
0.0 0.0 0.0 0.0 0.0 0.0 
0.0 0.0 0.0 0.0 0.0 0.0 
0.0 0.0 0.0 0.0 0.0 0.0 
0.0 0.0 0.0 0.0 0.0 0.0 
0.0 0.0 0.0 0.0 0.0 0.0 
0.0 0.0 0.0 0.0 0.0 0.0 
0.0 0.0 0.0 0.0 0.0 0.0 
0.0 0.0 0.0 0.0 0.0 0.0 
0.0 0.0 0.0 0.0 0.0 0.0 
0.0 0.0 0.0 0.0 0.0 0.0 
0.0 0.0 0.0 0.0 0.0 0.0 
0.0 0.0 0.0 0.0 0.0 0.0 
0.0 0.0 0.0 0.0 0.0 0.0 
0.0 0.0 0.0 0.0 0.0 0.0 
0.0 0.0 0.0 0.0 0.0 0.0 
0.0 0.0 0.0 0.0 0.0 0.0 
0.0 0.0 0.0 0.0 0.0 0.0 
0.0 0.2 0.0 0.0 0.0 0.0 
0.0 0.0 0.0 0.0 0.0 0.0 
0.0 0.0 0.0 0.0 0.0 0.0 
0.0 0.0 0.0 0.0 0.0 0.0 
0.0 0.2 0.0 0.0 0.0 0.0 
0.0 0.0 0.0 0.0 0.0 0.0 
0.0 0.0 0.0 0.0 0.0 0.0 
0.0 0.0 0.0 0.0 0.0 0.0 
0.0 0.0 0.0 0.0 0.0 0.0 
0.0 0.0 0.0 0.0 0.0 0.0 
0.0 0.0 0.0 0.0 0.0 0.0 
0.0 0.0 0.0 0.0 0.0 0.0 
0.0 0.0 0.0 0.0 0.0 0.0 
0.0 0.0 0.0 0.0 0.0 0.0 
0.0 0.0 0.0 0.0 0.0 0.0 
0.0 0.0 0.0 0.0 0.0 0.0 
0.0 0.0 0.0 0.0 0.0 0.0 
0.0 0.0 0.0 0.0 0.0 0.0 
0.0 0.0 0.0 0.0 0.0 0.0 
0.0 0.0 0.0 0.0 0.0 0.0 
0.0 0.0 0.0 0.0 0.0 0.0 
0.0 0.0 0.0 0.0 0.0 0.0 
0.0 0.0 0.0 0.0 0.0 0.0 
0.0 0.0 0.0 0.0 0.0 0.0 
0.0 0.0 0.0 0.0 0.0 0.0 
0.0 0.0 0.0 0.0 0.0 0.0 
0.0 0.0 0.0 0.0 0.0 0.0 
0.0 0.0 0.0 0.0 0.0 0.0 
0.0 0.0 0.0 0.0 0.0 0.0 
0.0 0.0 0.0 0.0 0.0 0.0 
0.0 0.0 0.0 0.0 0.0 0.0 
0.0 0.0 0.0 0.0 0.0 0.0 
0.0 0.0 0.0 0.0 0.0 0.0 
