0
0
0
0
0
0
0
0
0
0
0
0
0
0
0
0
0
0
0
0
0
0
0
0
0
0
0
0
0
0
0
0
0
0
0
0
0
0
0
0
0
0
0
0
0
0
0
0
0
0
0
0
0
0
0
0
0
0
0
0
0
0
0
0
0
0
0
0
0
0
0
0
0
0
0
0
0
0
0
0
0
0
0
0
0
0
0
0
0
0
0
0
0
0
0
0
0
0
0
0
0
0
0
0
0
0
0
0
0
0
0
0
0
0
0
0
0
0
0
0
0
0
0
0
0
0
0
0
0
0
0
0
0
0
0
0
0
0
0
0
0
0
0
0
0
0
0
0
0
0
0
0
0
0
0
0
0
0
0
12.4
0
0
13.6
28.6
12.6
20.2
17.4
0
8.2
0
0
0
0
0
0
8.4
0
0
0
0
0
44
4
7
17.2
1.2
0
0
0
0
0
0
0
0
0
0
6.2
0
0
8.8
14
12.6
13.4
14.4
0
0
0
32.2
5
0
0
0
0
51.6
33.4
0
0
19.4
0
0
21
13
14
6.2
4.2
7.8
0
63.4
17.4
0
9.2
0
0
6.2
32.6
0
2.4
21
9.8
4.6
0
0
39
0
0
81.4
20.6
29.4
24
23
28.4
0
1
38.2
22.4
21.2
26.2
32.4
0
6.4
0
0
0
4.2
0
0
2.4
10.8
0
0
0
0
0
0
0
0
28
0
0
0
0
0
0
0
0
0
0
0
0
0
0
0
0
0
0
0
0
0
0
0
0
0
0
0
0
0
0
0
0
0
0
0
0
0
0
0
0
0
0
0
0
0
0
0
0
0
0
0
0
0
0
0
0
0
0
0
0
0
0
0
0
0
0
0
0
0
0
0
0
0
0
0
0
0
0
0
0
0
0
0
0
0
0
0
0
0
0
0
0
0
0
0
0
0
0
0
0
0
0
0
0
0
0
0
0
0
0
0
0
0
0
0
0
0
0
0
0
0
0
0
0
0
0
0
0
0
0
0
0
0
0
0
0
0
0
0
0
0
0
0
0
0
0
0
0
0
0
0
0
0
0
0
0
0
0
0
0
0
0
0
0
0
0
0
0
0
0
0
0
0
0
0
0
0
0
0
0
0
0
0
0
0
0
0
0
0
0
0
0
0
0
0
0
0
0
0
0
0
0
0
0
0
0
0
0
0
0
0
0
0
0
4.2
0
0
0
0
0
0
0
0
0
0
0
6
0
0
0
0
0
0
0
0
0
0
0
0
12
0
0
0
6
0
0
0
0
0
0
0
0
0
0
0
0
0
0
0
0
0
0
0
0
0
0
0
0
0
0
0
0
0
0
0
0
4.6
54.4
0
42.8
0
0
0
0
61.6
24.2
0
0
0
21.4
8.6
29.2
8.8
0
0
4.8
1.2
0
0
0
0
6
0
2.8
9.6
24.6
0
0
44.6
0
69.6
108.6
1
30
0
2
0
2.8
0
0
4.6
45.2
0
116
7.8
8.6
4.6
0
0
6.8
29.4
21
210
6
5.2
7.4
4.2
4.6
122
4.8
10.6
0
2.6
17.6
2.2
47
0
0
0
0
0
0
2.2
0
10.6
0
9.4
15
54.2
0
0
12.2
2.1
22.8
0
0
0
0
0
0
0
0
0
0
0
0
0
0
0
0
0
0
0
0
0
0
0
0
0
0
0
0
0
0
0
0
0
0
0
0
0
0
0
0
0
0
0
0
0
0
0
0
0
0
0
0
0
0
0
0
0
0
0
0
0
0
0
0
0
0
0
0
0
0
0
0
0
0
0
0
0
0
0
0
0
0
0
0
0
0
0
0
0
0
0
0
0
0
0
0
0
0
0
0
0
0
0
3.1
0
0
0
0
0
0
0
0
0
0
0
0
0
0
0
12.5
3.4
16.5
0
0
0
0
0
0
0
0
0
0
0
0
0
0
0
0
0
0
0
5.4
0
0
0
0
0
0
0
0
0
0
0
0
0
0
0
0
0
0
0
0
0
0
0
0
0
0
0
0
0
0
0
0
0
0
0
0
0
0
0
0
0
0
5.1
0
0
0
0
0
0
0
0
0
0
0
0
0
0
0
0
0
0
0
0
0
0
0
0
0
0
0
0
0
0
7
0
0
0
0
0
0
0
0
0
0
0
0
0
0
0
0
0
0
0
0
0
0
0
0
0
0
0
0
0
22.8
0
0
0
0
0
6.4
11.6
15.8
21.4
16.8
7.2
15
14.4
18.8
0
18
0
3.4
0
0
0
2
39.4
3.4
10.3
0
0
6.1
8.2
0
0
8.2
26.8
1.8
0
0
0
5.1
27.2
0
0
0
0
4.2
7
13.2
0
12.3
16.2
1.6
38.4
36.8
33.2
6.4
9.2
4.2
0
55.4
5.4
0
0
14
0
16.2
6.2
2.4
0
0
15.2
0
0
0
0
0
9.6
0
16.8
0
8.8
12.4
7.6
3
0
7.4
0
0
0
0
0
0
9.2
0
0
0
0
0
32.3
7.4
1.6
32
19.5
0
0
3.7
9.3
12.4
0
0
0
0
0
0
0
0
0
0
0
0
0
0
0
0
0
0
0
0
0
0
0
0
0
0
0
0
0
0
0
0
0
0
0
0
0
0
0
0
0
0
0
0
0
0
0
0
0
0
0
0
0
0
0
0
0
0
0
0
0
0
0
0
0
0
0
0
0
0
0
0
0
0
0
0
0
0
0
0
0
0
0
0
0
0
0
0
0
0
0
0
0
0
0
0
0
0
0
0
0
0
0
0
0
0
0
0
0
0
0
0
0
0
0
0
0
0
0
0
0
0
0
0
0
0
0
0
0
0
0
0
0
0
0
0
0
0
0
0
0
0
0
0
0
0
0
0
0
0
0
0
0
0
0
0
0
0
0
0
0
0
0
0
0
0
0
0
0
0
0
0
0
0
0
0
0
0
0
0
0
0
0
0
0
0
0
0
0
0
0
0
0
0
0
0
0
0
0
0
0
0
0
0
0
0
0
0
0
0
0
0
0
0
0
0
0
0
0
0
0
0
0
0
0
0
0
0
0
0
0
0
0
0
0
0
0
0
0
0
0
0
0
0
0
0
0
0
0
0
0
0
0
0
0
0
0
0
0
5.2
0
0
0
7.3
0
0
0
0
0
0
2.6
3.8
4.6
0
0
43.6
13.3
22.4
36.6
0
0
0
0
0
6.4
9.8
12.5
35.5
0
0
0
39
48.5
0
0
0
6.8
0
0
5.2
7.8
14.7
6.5
7.2
6.4
40.6
0
5.4
2.3
0
0
0
0
0
42.3
0
0
29
4.2
0
7.4
8.2
15.2
16.4
0
9.6
21.7
4.8
13.6
0
8.3
2.1
2.4
14.4
0
0
22.4
0
0
0
0
0
0
0
0
0
0
20.4
10.3
4.3
4.2
0.2
0
0
0
14.7
1.2
0
0
0
0
41
73.2
34.2
0
0
8.4
0
0
37.2
3.4
231.5
16.2
1.8
0
0
0
8.6
0
0
0
0
0
0
0
0
0
0
0
0
0
0
0
0
0
0
0
0
0
0
0
0
0
0
0
8.6
0
0
0
0
0
0
0
0
0
0
0
0
0
0
0
0
0
0
0
0
0
0
0
0
0
0
0
0
0
0
0
0
0
0
0
0
0
0
0
0
0
0
0
0
0
0
0
0
0
0
0
0
0
0
0
0
0
0
0
0
0
0
0
0
0
0
0
0
0
0
0
0
0
0
0
0
0
0
0
0
0
0
0
0
0
0
0
0
0
0
0
0
0
0
0
0
0
0
0
0
0
0
0
0
0
0
0
0
0
0
0
0
0
0
0
0
0
3.8
8.6
0
0
0
0
0
0
0
0
0
0
0
0
0
0
0
0
0
0
0
0
0
0
0
0
0
0
0
0
0
0
0
0
0
0
0
0
0
0
0
0
0
0
0
0
0
0
0
0
0
0
0
0
0
0
0
0
0
0
0
0
0
0
0
0
0
0
0
0
0
0
0
0
0
0
0
0
0
0
0
0
0
0
0
0
0
0
0
0
0
0
0
4.6
18.5
0
0
8.7
10.5
14
0
3.2
3.8
0
0
0
0
0
0
0
0
0
0
0
0
5.6
14.4
57.3
67.8
6.6
0
0
89.8
9.2
11.6
11.8
3.6
0
0
0
8.2
24.2
15
0
0
30.2
38.4
3.6
14.2
8.6
0
0
0
0
0
0
23.8
0
51.4
3.2
0
11.8
5.2
0
0
0
0
4.3
2.2
5.7
3.4
6.8
0
88.8
0
0
0
0
0
0
0
0
0
0
0
0
0
0
0
0
0
0
0
0
0
0
0
0
0
0
33.8
0
37.2
0
0
0
0
0
0
0
0
0
0
0
0
0
0
0
0
11.6
6.8
0
0
0
0
16.2
18.6
0
0
0
0
0
22.4
16.8
0
0
0
0
0
0
0
0
0
0
0
0
0
0
0
0
0
0
0
0
0
2.4
0
0
0
0
0
0
0
0
0
0
0
0
0
0
0
0
0
0
0
0
0
0
0
0
0
0
0
0
0
0
0
0
0
0
0
0
0
0
0
0
0
0
0
0
0
0
0
0
0
0
0
0
0
0
0
0
0
0
0
0
0
0
0
0
0
0
0
0
0
0
0
0
0
0
0
0
0
0
0
0
0
0
0
0
0
0
0
0
0
0
0
0
0
0
0
0
0
0
0
0
0
0
0
0
0
0
0
0
0
0
0
0
0
0
0
0
0
0
0
0
0
0
0
0
0
0
0
0
0
0
0
0
0
0
0
0
0
0
0
0
0
0
0
0
0
0
0
0
0
0
0
0
0
0
0
0
0
0
0
0
0
0
0
0
0
0
0
0
0
0
0
0
0
0
0
0
0
0
0
0
0
0
0
0
0
0
0
0
0
0
0
0
0
0
0
0
0
0
4.6
0
6.8
0
0
0
0
0
0
12.8
9.6
0
0
0
0
10.4
0
0
0
0
0
0
0
0
0
0
0
0
0
0
0
0
0
8
0
12.4
0
3.5
0
0
0
0
33.8
14.6
10.8
0
0
10.4
46.6
5.8
22.3
2.3
0
0
2.5
12.2
32.4
41.6
25.3
60.5
20.6
6.3
0
0
0
0
0
0
87.3
45.6
3.2
0
0
9.5
0
0
0
5.2
15.6
0
12.2
12.4
6
4.3
0
0
15.8
6.4
32.8
0
5.6
0
0
36.4
18.8
0
32.2
0
11.4
16.5
8.3
0
0
0
0
18.2
18.8
14.3
0
5.4
8.4
0
0
16.2
8.4
5.6
0
0
0
0
0
0
18.4
12.2
0
0
21.4
17.6
0
0
0
0
0
18.8
7.3
0
12.6
0
0
0
4.3
0
5.7
10
0
15.8
0
0
0
32.4
0
30.8
0
0
0
0
0
0
0
0
0
0
0
0
0
0
0
7.6
0
0
0
0
0
0
0
0
0
0
0
0
0
0
0
0
0
0
0
0
0
0
0
0
0
0
0
0
0
0
0
0
0
0
0
0
0
0
0
0
0
0
0
0
0
0
0
0
0
0
0
0
0
0
0
0
0
0
0
0
0
0
0
0
0
0
0
0
0
0
0
0
0
0
0
0
0
0
0
0
0
0
0
9.2
2.2
0
0
0
0
0
0
0
0
0
0
0
0
0
0
0
0
0
0
0
0
0
0
0
0
0
0
0
0
0
0
0
0
0
0
0
0
0
0
0
0
0
0
0
0
0
0
0
0
0
0
0
0
0
0
0
0
0
0
0
0
0
0
0
0
0
0
36.4
48.8
0
0
0
0
0
0
0
0
0
0
0
0
0
6.4
0
0
0
6.4
0
0
0
0
0
0
0
0
21.8
0
0
0
0
4.4
0
0
4.2
0
0
0
0
0
0
0
0
0
0
0
0
0
0
0
0
0
0
0
0
0
0
0
0
0
0
0
0
0
0
0
0
0
0
0
0
0
0
0
0
0
10.6
0
0
0
24.6
0
0
8.4
0
6.4
0
0
0
0
0
2.4
5.6
0
6.4
2.2
3.2
4.8
3.6
28.4
8.6
12.4
25.6
18.8
148.8
24.8
5.3
8.6
4.3
69.8
9.2
7.4
22.6
0
0
0
0
0
0
0
0
0
4.6
0
16.4
6.4
8.6
10.2
8.4
4.4
12.2
0
18.4
15.8
22.6
13.4
17.2
20
16.6
25
7.4
0
49.8
0
0
0
0
5.8
0
0
0
25.2
35.4
0
14.4
113.6
52
0
0
31.2
6.8
12.8
15.3
30.6
11.4
0
0
0
0
0
0
0
0
0
0
0
0
0
0
95.2
0
0
0
19
39
40
0
0
0
0
0
0
0
0
0
0
0
0
0
0
0
0
0
0
0
0
0
0
0
0
0
0
0
0
0
0
0
0
0
0
0
0
0
0
0
0
0
0
0
0
0
0
0
0
0
0
0
0
0
0
0
0
0
0
0
0
0
0
0
0
0
0
0
0
0
0
0
0
0
0
0
0
0
0
0
0
0
0
0
0
0
0
0
0
0
0
0
0
0
0
0
0
0
0
0
0
0
0
0
0
0
0
0
0
0
0
0
0
0
0
0
0
0
0
0
0
0
0
0
0
0
0
0
0
0
0
0
0
0
0
0
0
0
0
0
0
0
0
0
0
0
0
0
0
0
0
0
0
0
0
0
0
0
0
0
0
0
0
0
0
0
0
0
0
0
0
0
0
0
0
0
0
0
0
0
0
0
0
0
0
0
0
0
0
0
0
0
0
0
0
0
0
0
0
0
0
0
0
0
0
0
0
0
0
0
0
0
0
0
0
0
0
0
0
0
0
0
0
0
0
0
0
0
0
0
0
0
0
0
0
0
0
0
0
0
0
0
0
0
0
0
0
0
25
0
0
22
43
18
0
0
0
0
0
0
0
0
88
0
0
0
8
97
9
23
0
6
16.3
0
6
0
8
12.2
0
0
21
18.3
26.4
36.5
11
0
0
0
12.3
115.2
0
28.7
13.9
9.3
0
0
22.5
0
0
88.3
43.5
0
0
0
0
0
0
28
0
0
0
0
0
0
120.4
5.3
37.2
0
0
0
0
0
0
0
64.6
74.3
9.2
14.1
16.3
0
0
35.4
15.2
5.2
12.3
0
0
0
0
0
0
0
0
0
104.7
9.3
0
0
32.3
0
0
0
0
0
69.8
24.2
295.5
110
0
7
0
0
0
0
0
4
0
0
15
0
0
0
0
0
0
0
0
12
0
3
0
161
0
0
0
0
0
0
0
0
0
0
0
0
0
0
0
0
0
0
0
0
0
0
0
0
0
0
0
0
0
0
0
0
0
0
0
0
0
0
0
0
0
0
0
0
0
0
0
0
0
0
0
0
0
0
0
0
0
0
0
0
0
0
0
0
0
0
0
0
0
0
0
0
0
0
0
0
0
0
0
0
0
0
0
0
0
0
0
0
0
0
0
0
0
0
0
0
0
0
0
0
0
0
0
0
0
0
0
0
0
0
0
0
0
0
0
0
0
0
0
0
0
0
0
0
0
0
0
0
0
0
0
0
0
0
0
0
0
0
0
0
0
0
0
0
0
0
0
0
0
0
0
0
0
0
0
0
0
0
0
0
0
0
0
0
0
0
0
0
0
0
0
0
0
0
0
0
0
0
0
0
0
0
0
0
0
0
0
0
0
0
0
0
0
0
0
0
0
0
0
0
0
0
0
0
0
0
0
0
0
0
0
0
0
0
0
0
0
0
0
0
0
0
0
0
0
